326
215
1
325
215
1
324
218
1
321
222
1
320
226
1
318
231
1
316
236
1
314
241
1
312
245
1
311
250
1
309
254
1
307
261
1
305
266
1
304
272
1
302
278
1
300
282
1
299
288
1
298
293
1
296
298
1
295
304
1
294
309
1
293
312
1
292
316
1
291
320
1
290
325
1
289
330
1
289
333
1
288
336
1
288
340
1
287
343
1
287
345
1
287
347
1
288
347
1
290
348
1
295
350
1
300
352
1
305
355
1
311
357
1
316
359
1
321
361
1
326
363
1
333
365
1
339
367
1
346
369
1
352
371
1
357
372
1
364
374
1
373
376
1
381
378
1
388
380
1
395
382
1
400
384
1
404
386
1
408
388
1
409
388
1
409
387
1
409
380
1
407
372
1
406
364
1
406
355
1
406
348
1
406
339
1
406
332
1
406
324
1
406
316
1
406
308
1
407
302
1
407
294
1
408
288
1
408
283
1
408
276
1
408
272
1
409
267
1
409
264
1
409
259
1
409
255
1
410
252
1
411
248
1
411
246
1
411
243
1
412
240
1
413
238
1
413
236
1
414
234
1
414
233
1
414
232
1
415
230
1
416
229
1
417
228
1
419
227
1
421
226
1
425
224
1
429
223
1
433
221
1
437
220
1
441
219
1
446
218
1
450
217
1
456
216
1
462
215
1
466
215
1
473
213
1
478
212
1
482
210
1
485
209
1
489
208
1
494
206
1
499
205
1
502
204
1
506
203
1
510
202
1
512
202
1
515
202
1
516
203
1
519
205
1
520
207
1
523
210
1
526
214
1
529
218
1
533
226
1
536
232
1
539
239
1
543
244
1
546
250
1
551
254
1
558
261
1
564
267
1
572
275
1
577
282
1
580
288
1
582
293
1
584
299
1
585
307
1
586
313
1
587
320
1
587
325
1
587
331
1
587
336
1
586
341
1
586
345
1
586
348
1
586
351
1
586
353
1
586
354
1
584
352
0
584
349
0
583
347
0
555
267
0
549
267
0
539
270
0
526
279
0
518
283
0
512
283
0
507
288
0
501
304
0
490
326
0
471
343
0
453
357
0
442
363
0
438
367
0
430
374
0
427
377
0
421
381
0
419
383
0
418
384
0
416
385
1
414
386
1
413
386
1
412
386
1
416
385
0
410
385
1
409
385
1
410
385
1
412
386
1
415
387
1
417
388
1
420
390
1
423
392
1
425
393
1
427
394
1
428
395
1
430
396
1
431
397
1
432
397
1
433
398
1
433
397
1
433
392
1
434
388
1
434
383
1
435
379
1
436
375
1
437
372
1
438
368
1
439
365
1
440
362
1
441
359
1
442
357
1
443
354
1
445
351
1
447
349
1
448
346
1
451
344
1
453
342
1
456
341
1
458
339
1
460
338
1
463
338
1
465
338
1
467
338
1
468
339
1
469
340
1
470
341
1
471
342
1
471
345
1
472
346
1
472
349
1
472
351
1
473
352
1
473
354
1
473
357
1
473
360
1
473
363
1
473
366
1
473
368
1
473
371
1
473
372
1
472
374
1
472
375
1
473
375
1
478
373
1
481
372
1
486
370
1
489
369
1
494
367
1
498
365
1
502
363
1
506
362
1
510
361
1
513
360
1
515
359
1
517
359
1
520
358
1
522
357
1
525
356
1
526
356
1
528
355
1
528
354
1
528
353
1
529
347
1
530
342
1
531
336
1
533
332
1
535
327
1
537
323
1
539
318
1
542
314
1
544
311
1
546
308
1
548
306
1
551
305
1
553
304
1
555
303
1
559
303
1
562
303
1
564
305
1
566
308
1
568
311
1
568
313
1
570
316
1
570
320
1
571
323
1
571
327
1
571
330
1
572
334
1
572
337
1
572
341
1
573
343
1
573
346
1
574
346
1
575
347
1
577
347
1
579
348
1
581
348
1
584
347
1
585
347
1
586
346
1
587
346
1
587
345
1
581
347
0
571
348
0
561
351
0
550
355
0
527
359
0
507
364
0
487
370
0
469
379
0
447
388
0
429
398
0
408
404
0
407
402
0
419
393
0
445
383
0
449
381
0
448
385
0
444
389
0
438
394
0
434
396
0
431
397
0
429
397
0
429
396
0
430
395
0
429
395
0
427
395
0
424
395
0
410
394
0
386
393
0
346
378
0
321
361
0
314
356
0
310
354
0
305
352
0
300
352
0
297
351
0
295
350
0
294
350
0
293
349
0
292
349
0
291
349
0
289
349
0
288
349
0
291
349
1
294
351
1
297
352
1
300
354
1
302
355
1
305
356
1
306
357
1
308
358
1
310
359
1
312
360
1
313
361
1
314
362
1
316
363
1
318
364
1
321
365
1
323
366
1
325
367
1
326
367
1
328
368
1
330
368
1
332
369
1
335
370
1
338
371
1
340
372
1
342
372
1
345
373
1
349
374
1
350
375
1
352
375
1
355
376
1
358
377
1
362
377
1
364
377
1
366
377
1
368
378
1
370
378
1
372
379
1
374
379
1
376
380
1
378
381
1
380
381
1
382
382
1
385
382
1
388
383
1
390
384
1
392
385
1
395
385
1
398
386
1
401
387
1
403
388
1
406
389
1
408
389
1
410
390
1
412
391
1
415
392
1
416
392
1
420
393
1
421
394
1
423
394
1
424
394
1
425
394
1
426
395
1
427
395
1
428
395
1
429
395
1
430
395
1
431
395
1
432
396
1
430
397
0
427
387
0
427
377
0
436
181
0
433
188
0
423
199
0
411
195
0
403
199
0
390
213
0
381
221
0
380
222
0
381
219
0
386
213
0
389
210
0
388
212
0
387
207
0
388
198
0
388
195
0
386
193
0
386
201
0
383
207
0
382
211
0
378
216
0
375
219
0
372
221
0
369
224
0
361
228
0
356
228
0
340
229
0
327
233
0
324
236
0
325
229
0
329
222
0
329
220
0
329
218
0
328
216
0
328
215
0
327
213
0
327
212
0
327
213
0
328
214
0
328
215
0
327
217
0
327
215
1
326
215
1
329
213
1
332
212
1
335
210
1
338
209
1
341
208
1
345
207
1
347
206
1
350
206
1
352
205
1
356
204
1
359
204
1
362
204
1
365
204
1
368
204
1
372
203
1
375
202
1
378
201
1
383
200
1
387
199
1
389
198
1
392
198
1
396
197
1
400
196
1
403
195
1
407
194
1
409
193
1
410
193
1
414
193
1
419
192
1
422
191
1
425
191
1
430
191
1
434
191
1
438
191
1
443
191
1
449
191
1
455
191
1
460
191
1
464
191
1
468
191
1
472
191
1
477
192
1
482
194
1
486
195
1
488
195
1
492
195
1
496
196
1
499
196
1
501
196
1
504
197
1
505
197
1
508
198
1
510
199
1
511
200
1
512
200
1
513
200
1
514
201
1
515
202
1
516
202
1
508
204
0
478
207
0
447
213
0
415
226
0
398
232
0
377
236
0
370
240
0
353
243
0
348
245
0
338
244
0
332
246
0
327
248
0
320
252
0
318
252
0
317
251
0
317
250
0
317
248
0
317
247
0
316
247
0
315
246
0
315
245
0
314
244
0
313
243
0
314
241
0
315
238
0
316
237
0
317
237
0
317
238
0
317
240
0
319
240
1
321
240
1
323
240
1
326
240
1
328
240
1
330
241
1
331
241
1
333
242
1
334
243
1
336
243
1
339
243
1
341
244
1
345
244
1
348
245
1
352
245
1
356
245
1
359
245
1
364
246
1
367
246
1
371
247
1
374
248
1
377
249
1
380
251
1
383
251
1
387
252
1
391
253
1
392
254
1
395
254
1
396
254
1
397
255
1
399
255
1
401
256
1
403
256
1
405
256
1
406
257
1
407
257
1
408
257
1
411
254
1
413
253
1
414
252
1
417
250
1
421
249
1
425
247
1
428
246
1
431
244
1
436
242
1
442
240
1
446
238
1
450
237
1
452
237
1
457
235
1
462
233
1
466
231
1
470
229
1
475
228
1
478
226
1
482
225
1
483
224
1
486
223
1
488
222
1
491
222
1
494
221
1
497
221
1
500
220
1
502
220
1
504
219
1
505
219
1
506
221
1
507
227
1
508
233
1
510
239
1
511
245
1
512
250
1
512
256
1
512
261
1
512
265
1
512
269
1
511
272
1
509
276
1
507
279
1
506
283
1
503
285
1
500
289
1
497
291
1
494
294
1
490
297
1
485
300
1
481
303
1
478
305
1
474
308
1
469
310
1
466
311
1
461
314
1
457
316
1
453
317
1
450
319
1
447
320
1
444
321
1
441
322
1
438
323
1
435
324
1
432
325
1
429
327
1
426
329
1
423
330
1
421
331
1
419
332
1
417
334
1
415
335
1
413
336
1
411
337
1
409
338
1
409
339
1
407
340
1
406
341
1
405
341
1
402
339
1
400
338
1
397
337
1
395
336
1
392
335
1
388
335
1
386
334
1
382
333
1
378
333
1
374
333
1
371
333
1
368
332
1
365
332
1
362
331
1
359
331
1
354
330
1
351
330
1
346
329
1
344
329
1
341
329
1
338
328
1
335
327
1
332
327
1
330
326
1
328
325
1
326
325
1
323
324
1
321
324
1
319
324
1
315
324
1
312
323
1
309
323
1
305
321
1
303
321
1
301
321
1
300
321
1
299
321
1
298
320
1
296
320
1
295
320
1
294
320
1
293
319
1
292
319
1
291
319
1
289
320
0
288
323
0
293
328
0
303
330
0
316
328
0
320
325
0
344
333
0
342
323
0
339
316
0
339
319
0
339
334
0
342
347
0
344
359
0
345
372
0
346
382
0
350
386
0
354
392
0
356
398
0
355
406
0
355
409
0
359
404
0
360
392
0
354
386
0
349
382
0
347
381
0
346
378
0
358
373
0
377
374
0
391
374
0
425
373
0
471
357
0
477
352
0
478
353
0
479
353
0
474
353
0
457
369
0
445
382
0
439
389
0
434
395
0
432
396
0
431
396
0
429
396
0
428
396
0
427
396
0
428
398
1
428
401
1
428
404
1
428
407
1
428
409
1
429
411
1
431
413
1
432
415
1
434
415
1
436
416
1
438
416
1
441
416
1
444
415
1
448
412
1
449
410
1
450
409
1
451
406
1
452
404
1
454
402
1
455
399
1
456
396
1
458
394
1
458
391
1
459
389
1
460
386
1
460
383
1
461
379
1
462
376
1
462
374
1
462
371
1
463
368
1
463
365
1
463
361
1
463
359
1
463
355
1
463
352
1
462
350
1
462
348
1
461
346
1
460
345
1
460
343
1
459
343
1
459
342
1
458
342
1
457
342
1
456
342
1
457
343
0
456
350
0
455
362
0
455
369
0
458
376
0
464
380
0
467
379
0
468
376
0
468
373
0
468
370
0
467
369
0
466
369
0
465
368
0
464
368
0
466
367
1
468
367
1
470
367
1
471
368
1
473
368
1
475
369
1
476
370
1
477
371
1
477
372
1
474
371
1
472
370
1
469
369
1
467
367
1
465
366
1
464
366
1
463
366
1
463
373
0
456
382
0
440
405
0
412
426
0
414
426
0
419
418
0
420
410
0
418
405
0
416
401
0
414
397
0
413
395
0
410
393
0
408
393
0
406
393
0
405
392
0
404
391
0
403
389
0
403
387
1
403
386
1
402
389
1
402
394
1
402
398
1
402
400
1
403
404
1
404
406
1
404
407
1
405
408
1
406
409
1
409
410
1
412
411
1
416
411
1
419
411
1
421
412
1
424
413
1
426
413
1
427
414
1
428
415
1
429
415
1
431
416
1
432
416
1
434
416
1
435
416
1
436
416
1
438
416
1
445
409
0
446
407
0
447
403
0
448
393
0
448
383
0
447
376
0
444
375
0
439
376
0
437
377
0
435
377
0
438
373
0
441
369
0
444
366
0
446
363
0
447
362
0
447
361
0
447
360
0
445
364
1
443
369
1
442
373
1
440
377
1
440
381
1
440
384
1
439
387
1
439
389
1
439
392
1
439
394
1
439
396
1
441
396
1
442
396
1
443
396
1
445
396
1
446
394
1
448
392
1
448
390
1
449
387
1
450
384
1
451
381
1
451
378
1
452
375
1
452
373
1
452
371
1
451
369
1
451
367
1
450
365
1
449
364
1
448
364
1
445
366
1
436
373
0
432
376
0
431
377
0
444
373
0
525
328
0
585
315
0
575
321
0
565
333
0
557
342
0
544
352
0
540
355
0
533
358
0
531
358
0
528
358
0
527
358
0
526
357
0
525
356
0
525
355
1
525
358
1
525
362
1
525
366
1
525
369
1
525
372
1
525
375
1
526
376
1
528
378
1
530
378
1
533
379
1
537
379
1
542
378
1
545
377
1
548
375
1
551
371
1
554
368
1
557
364
1
559
360
1
561
357
1
562
354
1
563
348
1
565
343
1
566
338
1
566
333
1
567
329
1
567
325
1
567
323
1
566
320
1
565
318
1
564
316
1
563
314
1
563
313
1
562
311
1
561
309
1
560
308
1
558
307
1
556
306
1
554
306
1
553
306
1
552
306
1
551
309
0
556
320
0
563
335
0
565
341
0
565
343
0
565
345
0
566
343
0
566
342
0
566
341
0
568
343
1
571
345
1
573
346
1
575
346
1
577
346
1
578
347
1
576
346
0
572
345
0
569
346
0
567
346
0
563
345
0
552
347
0
537
354
0
530
358
0
524
359
0
521
362
0
517
362
0
515
363
0
512
363
0
511
363
0
511
362
0
511
361
0
510
360
0
509
360
0
508
363
1
508
366
1
509
368
1
510
370
1
511
371
1
513
372
1
515
373
1
516
374
1
517
374
1
519
375
1
520
375
1
522
375
1
522
376
1
524
376
1
525
376
1
527
376
1
532
377
1
535
375
0
538
371
0
540
366
0
543
360
0
544
348
0
549
334
0
550
330
0
551
327
1
550
325
1
549
324
1
548
324
1
546
324
1
544
324
1
543
326
1
541
328
1
540
331
1
539
333
1
539
337
1
538
340
1
537
343
1
537
345
1
536
348
1
536
350
1
536
352
1
536
354
1
536
355
1
536
357
1
538
358
1
539
358
1
540
358
1
543
358
1
545
357
1
546
356
1
548
354
1
549
352
1
550
349
1
551
346
1
552
342
1
553
339
1
553
336
1
553
333
1
553
330
1
553
329
1
553
327
1
551
326
1
545
326
0
543
326
0
541
326
0
540
326
0
535
328
0
524
333
0
465
356
0
380
390
0
351
395
0
350
388
0
348
380
0
343
375
0
340
372
0
321
368
0
293
356
0
292
353
0
304
358
0
316
361
0
320
363
0
320
364
0
320
365
0
319
366
0
315
366
0
315
365
0
315
364
0
314
363
0
314
366
1
314
369
1
314
371
1
315
373
1
316
374
1
317
376
1
318
379
1
320
381
1
321
382
1
322
383
1
323
384
1
324
385
1
326
386
1
327
387
1
328
388
1
330
388
1
331
389
1
332
389
1
334
389
1
335
390
1
337
390
1
339
390
1
341
391
1
342
391
1
344
391
1
345
391
1
347
391
1
350
391
1
351
391
1
354
390
1
357
389
1
359
388
1
361
387
1
363
386
1
364
384
1
365
383
1
366
382
1
367
381
1
367
380
1
367
379
1
368
379
1
368
378
1
369
378
1
366
378
0
354
379
0
345
378
0
340
377
0
337
376
0
333
374
0
332
372
0
331
371
0
331
370
0
330
369
0
329
372
1
329
375
1
329
377
1
329
379
1
330
381
1
331
383
1
332
384
1
333
385
1
334
386
1
335
387
1
335
388
1
336
388
1
337
389
1
335
390
0
335
389
0
338
385
0
347
376
0
356
372
0
359
372
0
356
373
0
353
374
0
350
373
0
347
373
0
344
373
0
342
372
0
343
375
1
343
377
1
344
378
1
345
379
1
346
379
1
348
379
1
351
379
1
352
379
1
354
379
1
355
378
1
355
377
1
356
374
0
356
373
0
356
375
0
356
376
0
356
370
0
359
356
0
372
330
0
384
322
0
390
313
0
394
309
0
394
307
0
391
307
0
389
304
0
388
302
0
387
300
0
391
297
0
401
292
0
417
281
0
421
277
0
413
295
0
406
301
0
402
310
0
398
314
0
392
314
0
375
314
0
366
315
0
362
310
0
361
309
0
361
306
0
356
307
0
339
309
0
327
312
0
320
312
0
310
314
0
315
313
0
321
312
0
327
310
0
329
310
0
329
311
0
330
316
0
329
319
0
327
321
0
326
321
0
325
322
0
324
323
0
329
323
1
334
321
1
337
320
1
339
319
1
341
318
1
343
316
1
345
315
1
348
312
1
350
309
1
351
306
1
352
302
1
354
298
1
355
294
1
356
290
1
357
288
1
358
286
1
359
283
1
360
280
1
361
277
1
362
276
1
364
273
1
366
272
1
368
270
1
371
268
1
373
267
1
377
265
1
381
264
1
384
264
1
389
264
1
393
264
1
396
264
1
399
264
1
404
265
1
409
265
1
414
265
1
417
265
1
421
265
1
424
265
1
427
265
1
431
265
1
435
265
1
438
265
1
442
265
1
444
265
1
447
266
1
449
267
1
452
268
1
455
268
1
457
269
1
460
271
1
462
273
1
463
275
1
464
278
1
465
280
1
466
283
1
466
285
1
466
287
1
466
289
1
466
291
1
466
293
1
466
294
1
466
296
1
466
298
1
466
300
1
466
302
1
466
303
1
466
304
1
466
305
1
466
306
1
466
308
1
465
309
1
465
310
1
465
304
0
464
300
0
461
299
0
458
297
0
456
295
0
456
286
0
459
273
0
432
291
0
421
295
0
419
287
0
419
279
0
417
273
0
417
267
0
413
259
0
410
255
0
409
258
0
408
262
0
407
263
0
406
264
0
405
265
0
404
263
0
401
262
0
398
262
0
395
262
0
392
264
0
391
265
0
391
267
0
392
266
0
393
265
0
394
265
0
391
265
1
390
266
1
387
267
1
385
269
1
383
271
1
380
273
1
378
277
1
376
280
1
374
284
1
372
287
1
372
290
1
371
294
1
370
296
1
370
300
1
369
303
1
368
305
1
367
309
1
366
312
1
364
316
1
362
318
1
360
321
1
359
323
1
357
324
1
356
326
1
355
327
1
354
328
1
353
329
1
352
329
1
358
325
0
371
312
0
378
303
0
386
296
0
391
291
0
397
285
0
400
281
0
403
277
0
405
274
0
406
271
0
407
270
0
407
269
0
407
267
0
408
266
1
406
266
1
404
268
1
400
271
1
397
273
1
395
277
1
392
281
1
391
285
1
389
288
1
388
292
1
387
295
1
386
298
1
386
301
1
385
304
1
384
309
1
384
312
1
383
315
1
382
318
1
381
320
1
380
322
1
378
325
1
376
327
1
374
329
1
373
330
1
372
331
1
371
331
1
370
332
1
368
332
1
367
333
1
376
325
0
391
312
0
401
302
0
407
294
0
415
284
0
418
277
0
421
272
0
423
270
0
424
269
0
427
268
0
428
267
0
429
266
0
426
266
1
423
267
1
420
269
1
417
271
1
414
273
1
412
276
1
411
278
1
410
281
1
410
284
1
409
287
1
408
291
1
407
295
1
406
298
1
405
302
1
405
305
1
404
308
1
403
312
1
402
315
1
401
318
1
400
321
1
399
323
1
397
326
1
396
328
1
394
329
1
392
330
1
391
330
1
388
331
1
386
332
1
383
333
1
382
333
1
381
334
0
381
333
0
388
327
0
401
320
0
413
310
0
423
297
0
430
289
0
435
279
0
437
274
0
439
270
0
441
268
0
441
267
0
442
267
0
443
266
0
444
267
0
441
268
1
436
271
1
434
273
1
432
276
1
430
280
1
429
283
1
429
286
1
428
289
1
428
291
1
427
294
1
427
296
1
426
300
1
425
302
1
424
305
1
423
307
1
423
310
1
422
312
1
421
314
1
421
316
1
420
319
1
419
322
1
419
324
1
418
327
1
417
329
1
416
330
1
414
332
1
412
334
1
409
336
1
400
342
0
394
345
0
397
340
0
410
326
0
424
309
0
434
296
0
441
286
0
446
280
0
450
276
0
454
272
0
457
271
0
458
270
0
457
271
0
452
272
1
449
276
1
446
280
1
445
285
1
444
288
1
443
291
1
442
294
1
441
297
1
440
300
1
439
303
1
438
306
1
437
310
1
437
313
1
436
315
1
435
317
1
435
319
1
434
320
1
433
322
1
433
323
1
432
324
1
430
327
0
422
332
0
419
334
0
416
337
0
414
338
0
413
339
0
414
333
0
412
328
0
398
329
0
387
326
0
385
317
0
380
309
0
376
306
0
371
306
0
368
306
0
363
307
0
361
307
0
361
306
0
361
305
0
358
305
0
354
305
0
351
306
0
345
306
0
339
308
0
336
310
0
327
311
0
320
314
0
311
317
0
307
318
0
303
318
0
301
319
0
299
320
0
298
320
0
295
319
0
294
319
0
293
319
0
295
319
1
299
317
1
303
316
1
306
314
1
310
313
1
313
311
1
316
309
1
319
307
1
322
305
1
324
304
1
327
303
1
330
302
1
333
301
1
336
300
1
341
298
1
343
297
1
345
297
1
347
296
1
349
295
1
351
294
1
352
294
1
353
294
1
354
293
1
355
293
1
356
293
1
357
293
1
356
293
0
364
286
0
380
281
0
394
276
0
405
272
0
415
269
0
418
267
0
419
267
0
420
266
0
419
265
0
418
264
0
416
264
0
418
263
1
419
261
1
419
259
1
420
258
1
420
257
1
420
256
1
420
255
1
421
253
1
421
252
1
422
251
1
418
253
0
414
254
0
410
259
0
409
261
0
407
264
0
404
267
0
455
239
0
476
209
0
483
207
0
482
208
0
485
215
0
486
230
0
479
244
0
469
252
0
465
251
0
459
248
0
454
246
0
450
245
0
448
244
0
443
243
0
440
243
0
438
243
0
437
243
0
437
242
0
437
240
0
437
242
0
437
243
1
436
247
1
435
250
1
435
253
1
435
254
1
435
256
1
435
257
1
437
257
1
439
258
1
441
258
1
444
259
1
447
260
1
449
261
1
453
262
1
457
262
1
461
262
1
466
262
1
469
262
1
473
263
1
476
263
1
479
263
1
481
263
1
483
263
1
485
264
1
487
264
1
489
265
1
490
265
1
492
265
1
493
266
1
495
266
1
496
266
1
497
266
1
498
266
1
499
266
1
500
266
1
501
266
1
502
267
1
503
267
1
504
267
1
505
267
1
506
267
1
507
267
1
507
266
1
508
266
1
509
266
1
510
265
1
511
265
1
511
264
1
512
263
1
513
262
1
509
262
0
506
262
0
502
266
0
498
269
0
495
272
0
494
275
0
493
282
0
492
284
0
493
285
0
495
293
0
496
302
0
490
313
0
483
333
0
471
357
0
459
366
0
447
378
0
437
386
0
429
390
0
426
391
0
425
391
0
423
391
0
422
394
0
417
399
0
407
407
0
400
413
0
398
413
0
397
405
0
397
394
0
397
380
0
395
363
0
388
337
0
376
306
0
367
283
0
358
275
0
349
259
0
332
241
0
323
233
0
321
235
0
321
236
0
321
237
0
319
238
0
318
238
0
316
238
0
310
241
0
296
256
0
291
272
0
292
279
0
301
284
0
313
284
0
323
280
0
330
279
0
333
281
0
333
288
0
335
296
0
341
306
0
353
315
0
358
323
0
359
326
0
354
322
0
352
318
0
504
275
0
541
277
0
582
278
0
573
285
0
531
298
0
510
311
0
504
319
0
503
320
0
500
320
0
489
319
0
478
317
0
474
316
0
472
313
0
471
313
0
469
312
0
468
312
0
467
313
0
468
312
0
468
311
0
468
309
1
470
311
1
472
313
1
473
314
1
474
315
1
474
316
1
475
317
1
476
319
1
477
321
1
478
323
1
478
326
1
479
329
1
479
332
1
479
334
1
480
336
1
480
338
1
480
341
1
481
343
1
481
346
1
482
348
1
482
350
1
482
353
1
482
355
1
482
357
1
482
359
1
483
361
1
483
362
1
483
363
1
483
364
1
483
365
1
483
367
1
483
368
1
483
369
1
483
354
0
495
323
0
498
319
0
499
316
0
499
312
0
500
306
0
500
300
0
501
297
0
502
293
0
504
289
0
505
285
0
506
284
0
506
283
0
506
281
0
507
277
0
507
276
0
508
275
0
509
272
0
512
268
0
513
266
0
512
267
0
511
270
0
509
277
0
507
283
0
505
286
0
502
288
0
501
289
0
500
290
0
502
292
1
503
293
1
505
293
1
506
295
1
507
295
1
508
296
1
509
296
1
510
297
1
511
298
1
512
298
1
513
300
1
514
302
1
515
304
1
516
307
1
517
310
1
517
313
1
518
315
1
519
318
1
519
321
1
520
324
1
521
328
1
521
331
1
522
333
1
522
336
1
523
338
1
523
341
1
524
343
1
524
345
1
524
347
1
524
349
1
524
351
1
524
352
1
524
353
1
525
354
1
525
355
1
525
356
1
525
348
0
522
335
0
519
328
0
517
324
0
516
322
0
513
321
0
512
320
0
512
319
0
511
318
0
511
315
0
512
313
0
512
312
0
512
311
0
514
309
0
517
307
0
519
305
0
520
305
0
517
308
1
514
309
1
512
311
1
511
311
1
511
312
1
510
313
1
509
314
1
509
315
1
509
316
1
511
317
1
513
317
1
517
315
1
519
314
1
521
312
1
522
311
1
523
310
1
523
309
1
524
308
1
524
307
1
523
307
1
522
306
1
521
306
1
519
306
1
518
306
1
516
307
1
511
310
1
499
325
0
495
334
0
492
343
0
491
349
0
489
360
0
487
369
0
485
375
0
483
378
0
483
382
0
483
381
0
