84
269
1
84
270
1
84
272
1
84
278
1
84
281
1
84
284
1
84
286
1
84
287
1
84
288
1
84
290
1
84
292
1
84
294
1
84
297
1
84
300
1
84
303
1
84
306
1
84
309
1
84
312
1
84
316
1
84
322
1
84
330
1
84
334
1
84
342
1
84
347
1
85
354
1
85
357
1
85
362
1
85
367
1
87
371
1
87
374
1
87
378
1
88
382
1
89
386
1
90
391
1
92
395
1
94
399
1
95
402
1
97
408
1
99
413
1
101
417
1
102
420
1
105
425
1
108
428
1
110
431
1
113
434
1
117
437
1
121
439
1
124
442
1
129
442
1
133
442
1
140
444
1
148
444
1
155
444
1
162
444
1
168
442
1
173
439
1
178
437
1
181
434
1
185
431
1
188
426
1
192
422
1
196
417
1
199
412
1
201
406
1
203
399
1
205
394
1
205
389
1
205
385
1
205
384
1
205
383
1
203
381
1
199
378
1
196
375
1
191
372
1
188
370
1
184
369
1
180
368
1
176
367
1
173
367
1
170
367
1
164
367
1
159
367
1
156
367
1
155
367
1
153
367
1
151
370
1
148
371
1
145
373
1
143
375
1
146
375
1
152
373
1
154
373
1
160
373
1
163
372
1
169
370
1
173
370
1
175
370
1
178
369
1
181
368
1
186
367
1
187
367
1
191
365
1
194
364
1
197
363
1
198
361
1
200
358
1
202
355
1
203
351
1
203
345
1
203
340
1
203
335
1
203
330
1
203
327
1
203
321
1
202
316
1
199
311
1
197
307
1
195
304
1
192
302
1
189
300
1
180
295
1
175
291
1
172
290
1
168
288
1
163
288
1
160
288
1
154
288
1
151
288
1
146
288
1
141
290
1
138
291
1
135
293
1
132
296
1
131
298
1
129
298
1
129
299
1
130
299
1
133
298
1
135
297
1
138
297
1
142
297
1
145
296
1
150
295
1
154
294
1
158
293
1
161
293
1
164
292
1
168
291
1
170
291
1
175
290
1
178
288
1
181
287
1
184
286
1
187
284
1
190
282
1
193
279
1
196
274
1
201
263
1
203
257
1
204
250
1
204
245
1
204
242
1
204
237
1
201
234
1
198
231
1
194
228
1
191
226
1
185
223
1
181
222
1
177
220
1
167
219
1
159
219
1
150
219
1
142
217
1
135
217
1
129
217
1
123
217
1
117
218
1
110
219
1
106
219
1
100
222
1
92
225
1
90
228
1
86
231
1
83
232
1
82
235
1
80
238
1
79
241
1
77
244
1
76
247
1
76
250
1
76
252
1
76
254
1
76
257
1
78
259
1
78
262
1
79
264
1
81
265
1
83
268
1
84
271
1
84
272
1
86
273
1
86
274
1
87
275
1
87
276
1
85
276
0
85
275
0
93
274
0
113
267
0
129
262
0
137
258
0
146
249
0
161
236
0
174
221
0
186
208
0
194
202
0
200
198
0
206
197
0
215
195
0
223
194
0
224
194
0
224
195
0
220
198
0
217
204
0
214
210
0
214
213
0
211
219
0
206
224
0
203
229
0
200
233
0
198
238
0
197
239
0
193
240
0
193
239
0
193
236
0
193
234
0
193
233
0
193
232
0
193
229
0
193
228
0
193
227
0
194
225
1
197
222
1
200
219
1
203
216
1
206
214
1
209
213
1
212
213
1
214
212
1
215
212
1
217
212
1
220
212
1
223
212
1
225
214
1
228
215
1
229
217
1
229
219
1
232
220
1
232
221
1
233
223
1
235
226
1
237
229
1
237
232
1
238
234
1
238
237
1
239
241
1
240
245
1
240
247
1
241
253
1
241
258
1
241
262
1
242
268
1
242
274
1
242
279
1
242
283
1
243
291
1
243
297
1
243
303
1
243
311
1
243
317
1
243
326
1
243
334
1
243
342
1
243
349
1
243
355
1
243
360
1
243
363
1
243
369
1
243
375
1
242
380
1
242
383
1
241
386
1
241
389
1
240
392
1
239
395
1
240
394
1
243
391
1
248
390
1
252
389
1
257
389
1
261
389
1
266
389
1
269
389
1
270
389
1
272
391
1
273
394
1
275
397
1
277
402
1
278
406
1
278
409
1
278
411
1
278
414
1
278
415
1
278
417
1
277
420
1
275
423
1
272
426
1
269
428
1
266
429
1
263
431
1
260
431
1
257
434
1
251
434
1
244
435
1
235
436
1
232
436
1
219
436
1
216
436
1
210
436
1
204
436
1
198
436
1
194
436
1
192
436
1
191
436
1
190
436
1
188
435
1
187
434
1
187
433
1
187
431
0
189
428
0
189
420
0
192
408
0
206
386
0
229
356
0
243
331
0
250
317
0
256
303
0
260
291
0
261
276
0
264
262
0
268
251
0
269
245
0
269
243
0
269
242
0
268
242
0
266
242
0
258
242
0
250
240
0
239
235
0
236
234
0
236
233
0
236
232
0
232
231
0
229
230
0
229
229
0
230
229
0
232
229
0
233
229
0
234
229
0
238
229
0
239
229
0
240
229
0
241
230
0
241
232
0
241
233
0
241
234
0
240
235
0
239
235
1
239
234
1
239
233
1
239
231
1
240
230
1
243
227
1
247
223
1
249
221
1
252
219
1
252
217
1
254
216
1
257
215
1
260
213
1
262
213
1
263
213
1
267
213
1
272
215
1
277
220
1
283
225
1
287
231
1
289
233
1
293
239
1
294
242
1
297
246
1
297
249
1
299
254
1
300
262
1
300
268
1
300
273
1
300
281
1
300
287
1
300
292
1
300
298
1
300
303
1
300
305
1
300
309
1
300
315
1
300
318
1
300
322
1
300
326
1
300
330
1
300
334
1
300
339
1
297
346
1
297
350
1
296
355
1
294
358
1
293
360
1
293
362
1
292
364
1
291
365
1
291
366
1
290
366
1
290
368
1
292
366
1
294
365
1
298
365
1
300
365
1
301
365
1
304
366
1
307
368
1
310
368
1
313
370
1
315
372
1
318
374
1
321
377
1
322
380
1
323
381
1
323
386
1
323
390
1
323
393
1
323
399
1
323
402
1
322
407
1
321
411
1
318
415
1
316
416
1
314
419
1
312
422
1
309
425
1
306
427
1
302
429
1
297
430
1
294
431
1
290
431
1
285
433
1
283
433
1
280
433
1
279
433
1
277
433
1
275
433
1
274
433
1
273
432
1
272
430
0
270
429
0
270
427
0
269
425
0
268
420
0
268
414
0
268
406
0
273
395
0
283
379
0
308
333
0
327
283
0
336
264
0
340
256
0
343
251
0
353
242
0
362
228
0
373
213
0
376
205
0
376
204
0
375
204
0
369
211
0
363
223
0
361
228
0
358
236
0
356
237
0
354
237
0
346
234
0
339
234
0
326
243
0
318
256
0
318
264
0
317
263
0
316
263
0
311
266
0
308
268
0
307
269
0
306
269
0
303
269
0
300
269
0
299
269
1
299
268
1
299
265
1
300
260
1
300
258
1
302
254
1
302
251
1
302
249
1
303
246
1
303
243
1
304
240
1
306
238
1
308
235
1
308
233
1
309
231
1
310
230
1
311
230
1
315
228
1
318
226
1
321
226
1
324
226
1
327
226
1
331
226
1
336
226
1
339
226
1
345
227
1
350
228
1
357
229
1
361
230
1
364
232
1
367
234
1
371
238
1
377
243
1
382
249
1
388
255
1
392
260
1
399
268
1
403
274
1
406
280
1
409
284
1
410
287
1
410
290
1
413
293
1
415
298
1
416
303
1
417
311
1
418
314
1
419
321
1
419
327
1
419
334
1
420
341
1
420
347
1
421
354
1
421
360
1
421
365
1
422
374
1
422
384
1
422
395
1
422
405
1
422
414
1
422
423
1
422
431
1
419
439
1
417
446
1
415
451
1
412
454
1
409
458
1
407
460
1
405
463
1
404
463
1
403
462
1
399
459
1
395
455
1
392
451
1
390
448
1
387
445
1
386
442
1
384
440
1
378
436
1
376
433
1
371
427
1
368
422
1
366
418
1
366
413
1
364
409
1
361
404
1
361
398
1
360
395
1
359
391
1
359
388
1
359
384
1
358
381
1
358
379
1
358
377
1
358
376
1
359
378
1
362
384
1
364
387
1
365
390
1
367
394
1
368
398
1
369
402
1
370
406
1
370
412
1
371
415
1
371
418
1
371
421
1
371
422
1
371
423
1
371
424
1
369
425
1
367
427
1
365
427
1
362
427
1
358
428
1
353
428
1
347
428
1
343
428
1
339
427
1
334
426
1
331
426
1
329
425
1
327
424
1
324
422
1
323
421
1
322
420
1
322
419
1
321
419
1
319
417
1
318
415
1
318
414
1
317
412
1
315
410
1
315
409
1
314
409
1
313
408
0
314
409
0
321
410
0
337
413
0
361
418
0
373
419
0
399
422
0
417
422
0
435
422
0
455
422
0
471
423
0
492
428
0
521
436
0
524
437
0
523
439
0
515
442
0
504
442
0
494
441
0
481
438
0
471
433
0
458
419
0
428
389
0
421
379
0
409
359
0
403
350
0
398
346
0
392
343
0
384
339
0
371
332
0
358
325
0
346
319
0
344
316
0
343
314
0
341
311
0
336
307
0
329
299
0
326
293
0
326
292
0
326
289
0
327
289
0
329
287
0
332
286
0
336
284
0
338
282
0
339
280
0
341
278
0
341
275
0
342
275
0
343
275
0
343
278
1
340
282
1
337
284
1
335
287
1
334
290
1
334
292
1
333
295
1
333
296
1
333
300
1
333
302
1
336
303
1
337
303
1
338
302
1
339
301
1
341
299
1
342
299
1
343
298
1
343
297
1
344
294
1
345
294
1
345
293
1
345
292
1
345
291
1
345
290
1
345
289
1
345
288
1
343
286
1
342
284
1
340
283
1
339
281
1
339
280
1
339
281
0
339
284
0
339
286
0
339
292
0
339
297
0
338
302
0
338
303
0
336
304
0
333
305
0
335
305
0
339
306
0
336
309
0
330
313
0
314
324
0
302
339
0
292
354
0
289
360
0
283
376
0
273
400
0
256
444
0
229
497
0
208
520
0
199
525
0
185
528
0
167
528
0
151
527
0
133
527
0
112
525
0
93
519
0
83
509
0
80
500
0
73
477
0
69
460
0
69
459
0
70
456
0
75
452
0
79
449
0
89
441
0
114
422
0
140
407
0
160
399
0
177
396
0
188
396
0
202
401
0
214
407
0
230
416
0
245
425
0
261
436
0
270
443
0
279
450
0
285
453
0
290
459
0
292
461
0
293
461
0
294
461
0
297
457
0
298
444
0
289
426
0
279
419
0
275
419
0
269
419
0
252
424
0
231
436
0
212
447
0
201
459
0
198
464
0
198
467
0
203
463
0
211
456
0
228
443
0
243
433
0
256
424
0
260
419
0
265
415
0
267
409
0
268
401
0
273
387
0
280
368
0
285
350
0
286
329
0
280
317
0
270
309
0
263
305
0
231
299
0
208
295
0
187
288
0
160
278
0
114
261
0
75
247
0
46
240
0
27
238
0
8
237
0
3
236
0
0
236
0
33
261
0
55
281
0
59
286
0
60
287
0
60
292
0
62
299
0
67
311
0
88
348
0
129
399
0
163
431
0
183
454
0
188
463
0
194
475
0
199
481
0
199
484
0
200
484
0
200
486
1
200
491
1
200
497
1
200
505
1
201
506
1
201
507
1
202
506
0
209
503
0
214
500
0
217
497
0
221
494
0
227
490
0
229
487
0
234
484
0
236
483
0
237
482
0
238
486
1
238
490
1
238
495
1
239
498
1
241
504
1
241
505
1
243
503
0
248
500
0
254
494
0
267
484
0
280
475
0
287
471
0
290
469
0
291
468
0
292
471
1
293
474
1
295
478
1
297
484
1
300
489
1
301
492
1
303
493
1
303
494
1
309
490
0
317
485
0
322
480
0
327
473
0
329
470
0
335
463
0
339
459
0
340
458
0
340
459
0
342
464
1
343
467
1
346
473
1
348
478
1
351
484
1
354
490
1
355
493
1
356
494
1
361
492
0
368
488
0
372
485
0
376
481
0
380
480
0
385
476
0
388
474
0
390
474
0
391
475
0
392
479
1
397
485
1
401
489
1
406
492
1
412
495
1
416
498
1
418
498
1
419
497
0
422
491
0
428
483
0
431
475
0
434
470
0
435
465
0
436
462
0
439
462
1
445
462
1
449
462
1
457
462
1
468
462
1
470
462
1
470
461
0
466
458
0
462
451
0
457
442
0
452
434
0
451
430
0
448
427
0
449
427
1
453
426
1
461
426
1
470
425
1
473
424
1
473
421
0
472
416
0
470
411
0
466
407
0
461
403
0
460
401
0
457
401
0
456
400
0
455
400
0
453
399
0
451
397
0
455
396
1
459
395
1
462
393
1
463
393
1
464
393
1
466
392
1
467
392
1
468
392
0
468
389
0
468
387
0
466
383
0
459
377
0
455
372
0
451
368
0
446
363
0
442
360
0
440
357
0
440
356
1
442
355
1
449
352
1
454
349
1
455
349
1
455
348
1
456
348
0
456
347
0
456
344
0
453
341
0
448
337
0
447
335
0
445
332
0
444
332
0
442
329
0
442
328
1
442
326
1
444
324
1
444
321
1
447
319
1
448
316
1
450
314
1
453
312
1
455
311
1
456
308
1
457
305
1
457
303
1
456
302
0
454
302
0
452
301
0
449
300
0
445
299
0
443
298
0
441
297
0
440
297
0
439
297
0
438
296
0
438
295
1
438
294
1
438
292
1
438
289
1
438
286
1
438
285
1
438
284
0
438
282
0
438
280
0
438
278
0
437
277
0
435
276
0
433
275
0
431
273
0
429
272
0
428
270
0
425
267
0
423
266
0
423
265
1
423
264
1
423
259
1
423
253
1
423
247
1
423
241
0
423
240
0
423
239
0
419
237
0
413
234
0
409
232
0
407
231
0
405
231
0
403
230
0
401
229
0
395
227
0
394
227
0
394
224
1
394
221
1
392
218
1
392
217
1
392
216
1
392
215
1
392
214
0
394
213
0
395
213
0
396
222
0
396
240
0
381
259
0
374
254
0
372
248
0
