286
320
1
281
320
1
276
321
1
270
324
1
265
327
1
261
329
1
258
331
1
256
332
1
254
335
1
252
337
1
251
340
1
250
344
1
250
348
1
250
352
1
249
355
1
249
358
1
249
363
1
249
366
1
250
368
1
252
371
1
254
373
1
256
374
1
260
378
1
264
378
1
266
379
1
269
379
1
271
379
1
274
379
1
277
379
1
281
380
1
285
380
1
290
380
1
293
379
1
296
378
1
299
377
1
301
375
1
303
374
1
306
373
1
308
372
1
309
370
1
312
367
1
314
363
1
314
361
1
314
358
1
314
356
1
316
354
1
316
350
1
316
346
1
316
343
1
316
339
1
314
338
1
312
334
1
311
331
1
309
330
1
307
329
1
305
327
1
303
325
1
301
324
1
299
323
1
295
322
1
293
321
1
290
320
1
287
320
1
285
320
1
283
319
1
281
326
0
281
334
0
281
336
0
277
337
1
274
337
1
270
339
1
267
340
1
263
342
1
262
344
1
261
346
1
261
349
1
261
351
1
261
353
1
261
355
1
262
358
1
263
360
1
265
363
1
267
363
1
270
365
1
273
366
1
276
366
1
279
366
1
283
366
1
286
366
1
288
366
1
290
365
1
292
363
1
293
361
1
295
359
1
296
356
1
296
353
1
296
351
1
295
348
1
294
345
1
292
343
1
291
340
1
288
338
1
286
336
1
284
334
1
280
333
1
278
333
1
276
333
1
274
333
1
273
335
1
272
337
0
276
338
0
285
338
0
293
338
0
296
338
0
300
338
0
307
338
0
311
338
0
313
338
0
316
338
0
318
335
1
320
335
1
323
334
1
327
334
1
331
333
1
334
333
1
336
333
1
338
333
1
340
333
1
342
333
1
344
334
1
346
335
1
347
337
1
349
338
1
350
340
1
351
342
1
351
346
1
351
349
1
350
351
1
350
354
1
349
356
1
347
356
1
345
356
1
342
355
1
338
353
1
333
352
1
330
352
1
326
352
1
324
352
1
322
352
1
320
352
1
318
352
1
316
353
1
314
350
1
313
348
1
313
346
1
313
344
1
313
340
1
313
338
1
313
336
1
316
335
1
318
335
1
321
335
1
346
336
0
356
336
0
359
336
0
361
336
0
360
338
0
358
338
0
356
339
0
354
340
0
352
341
0
349
342
0
349
344
1
349
346
1
349
351
1
349
356
1
349
359
1
349
362
1
351
365
1
353
368
1
355
371
1
358
374
1
360
377
1
363
379
1
368
380
1
371
380
1
375
380
1
378
380
1
383
380
1
386
380
1
388
379
1
390
378
1
393
376
1
395
374
1
398
371
1
399
369
1
400
366
1
401
364
1
402
361
1
402
358
1
403
353
1
403
351
1
403
348
1
403
343
1
403
341
1
403
339
1
402
337
1
399
335
1
397
333
1
394
332
1
391
331
1
389
330
1
387
329
1
385
328
1
382
327
1
379
327
1
376
326
1
372
326
1
369
326
1
365
326
1
363
326
1
359
327
1
355
328
1
352
330
1
350
332
1
348
334
1
346
337
1
345
339
1
345
342
1
345
344
1
348
345
0
352
345
0
355
345
0
362
345
0
366
345
0
369
347
0
372
347
0
374
348
0
375
346
0
376
344
0
376
342
1
374
341
1
371
340
1
369
340
1
367
340
1
364
340
1
362
340
1
360
341
1
358
343
1
358
347
1
358
350
1
358
353
1
358
355
1
360
359
1
362
360
1
364
361
1
367
363
1
369
364
1
372
365
1
375
365
1
379
365
1
382
364
1
384
362
1
386
360
1
387
358
1
389
354
1
389
352
1
388
350
1
386
347
1
385
345
1
383
344
1
381
342
1
378
341
1
373
341
1
369
341
1
367
341
1
365
341
0
360
345
0
348
356
0
341
362
0
332
370
0
326
374
0
323
377
0
319
380
0
315
385
0
313
386
0
312
388
0
308
389
0
306
390
0
304
391
0
308
394
1
311
398
1
314
402
1
317
405
1
321
408
1
326
412
1
329
415
1
331
416
1
333
418
1
337
419
1
341
420
1
344
420
1
348
420
1
351
418
1
354
413
1
357
409
1
359
406
1
360
403
1
360
401
1
361
398
1
356
397
0
352
398
0
320
426
0
302
439
0
289
446
0
279
447
0
270
444
0
257
441
0
248
439
0
240
437
0
233
434
0
231
432
0
233
431
1
237
434
1
243
438
1
249
442
1
255
444
1
260
447
1
268
449
1
274
452
1
281
454
1
287
455
1
295
456
1
299
456
1
305
457
1
313
457
1
318
457
1
326
457
1
335
456
1
340
456
1
344
455
1
348
454
1
351
454
1
354
451
1
359
450
1
361
449
1
366
447
1
368
446
1
372
443
1
378
442
1
382
440
1
386
438
1
389
436
1
393
433
1
396
431
1
399
429
1
402
427
1
405
426
1
408
424
1
411
423
1
413
423
1
415
422
1
416
419
1
416
416
1
416
413
1
416
410
1
417
408
1
419
407
1
420
410
1
420
414
1
420
416
1
420
418
1
419
420
1
418
422
1
423
424
1
427
426
1
428
428
1
425
430
1
423
430
1
420
429
1
415
427
1
411
426
1
408
426
1
406
428
1
404
429
1
400
432
1
395
436
1
392
438
1
389
440
1
387
441
1
386
444
1
386
448
1
386
450
1
383
454
1
379
454
1
373
454
1
370
454
1
367
453
1
363
451
1
360
449
1
360
453
1
360
456
1
360
461
1
359
465
1
356
468
1
352
470
1
347
470
1
345
468
1
342
465
1
340
463
1
337
458
1
336
456
1
335
454
1
333
455
0
330
456
0
317
463
0
298
465
0
283
465
0
267
461
0
261
459
0
257
458
0
251
457
0
246
455
0
241
452
0
236
446
0
234
442
0
232
439
0
232
437
0
231
435
0
230
433
0
230
430
0
231
428
1
234
426
1
235
424
1
237
420
1
238
416
1
238
413
1
238
411
1
238
409
1
236
409
1
234
410
1
232
413
1
232
417
1
232
420
1
233
426
1
234
430
1
231
433
1
227
434
1
224
436
1
220
439
1
220
441
1
220
445
1
224
446
1
231
446
1
233
445
1
234
443
1
235
440
1
236
437
1
238
434
1
238
432
1
257
432
0
274
415
0
286
369
0
286
343
0
284
337
0
283
335
0
281
333
0
279
330
0
280
322
0
282
316
0
287
312
0
290
310
0
294
307
0
300
302
0
302
298
0
304
297
0
302
293
1
295
287
1
289
286
1
283
285
1
275
285
1
278
290
1
298
307
1
304
313
1
292
298
1
280
290
1
276
289
1
273
288
1
271
287
1
267
285
1
263
285
1
261
285
1
261
289
1
265
295
1
270
306
1
271
308
1
263
305
1
252
295
1
253
298
1
259
306
1
254
302
1
240
295
1
235
294
1
236
299
1
246
305
1
238
305
1
236
307
1
239
309
1
249
311
1
239
311
1
233
312
1
241
315
1
236
314
1
225
314
1
225
316
1
232
318
1
234
318
1
227
321
1
226
324
1
231
324
1
227
324
1
221
326
1
221
328
1
228
328
1
234
328
0
267
324
0
307
312
0
317
306
0
323
303
0
325
301
0
328
300
0
336
298
0
339
297
0
341
297
0
342
299
0
344
301
0
346
301
1
349
299
1
355
292
1
360
288
1
362
288
1
364
286
1
366
284
1
364
289
1
356
300
1
355
304
1
366
296
1
372
288
1
374
287
1
374
291
1
373
300
1
379
299
1
388
294
1
384
304
1
386
304
1
399
294
1
402
291
1
398
303
1
397
307
1
412
297
1
417
294
1
416
300
1
412
313
1
422
308
1
429
305
1
426
313
1
425
315
1
427
314
1
433
309
1
430
317
1
428
323
1
432
317
1
430
324
1
430
327
1
432
319
1
430
325
1
430
327
1
428
325
0
427
323
0
400
320
0
356
322
0
318
323
0
283
313
0
257
301
0
243
291
0
229
280
0
223
274
0
211
265
0
205
265
0
200
263
0
202
262
0
207
262
0
211
262
0
215
262
0
217
263
0
223
267
0
225
267
0
225
270
1
221
277
1
219
282
1
215
289
1
212
294
1
209
299
1
207
303
1
205
310
1
203
316
1
200
324
1
199
331
1
197
337
1
196
340
1
196
342
1
194
343
1
189
342
1
182
342
1
176
345
1
169
350
1
164
355
1
163
359
1
163
364
1
167
369
1
174
374
1
180
376
1
182
377
1
183
381
1
184
391
1
184
394
1
185
400
1
188
408
1
191
416
1
192
424
1
193
431
1
195
437
1
197
443
1
201
448
1
205
455
1
208
460
1
212
464
1
220
471
1
225
476
1
230
480
1
235
483
1
241
486
1
248
490
1
255
493
1
263
497
1
268
499
1
270
501
1
274
505
1
277
509
1
279
513
1
282
517
1
283
520
1
285
526
1
286
529
1
287
532
1
287
537
1
287
542
1
287
545
1
287
548
1
287
550
1
294
552
1
303
554
1
311
555
1
321
557
1
328
558
1
338
560
1
349
562
1
359
564
1
368
564
1
375
564
1
382
564
1
387
564
1
389
564
1
392
563
1
395
560
1
400
553
1
401
546
1
401
540
1
401
529
1
401
522
1
401
515
1
401
509
1
401
503
1
404
497
1
406
495
1
408
493
1
412
491
1
417
487
1
423
484
1
429
480
1
433
475
1
438
471
1
444
466
1
447
462
1
451
457
1
455
450
1
457
443
1
457
432
1
456
422
1
454
415
1
453
408
1
453
402
1
452
396
1
451
394
1
451
388
1
451
384
1
454
382
1
462
380
1
471
378
1
478
376
1
483
371
1
485
367
1
486
365
1
486
358
1
480
349
1
474
343
1
467
340
1
462
338
1
460
336
1
459
328
1
456
311
1
452
298
1
448
289
1
445
284
1
440
278
1
437
274
1
432
267
1
428
263
1
420
259
1
415
255
1
410
252
1
405
249
1
401
247
1
394
244
1
387
241
1
379
238
1
373
237
1
364
235
1
357
233
1
352
232
1
347
231
1
343
230
1
339
230
1
334
229
1
327
228
1
323
228
1
316
228
1
311
228
1
306
228
1
302
229
1
295
231
1
291
232
1
287
234
1
284
234
1
281
235
1
277
236
1
273
237
1
270
238
1
267
239
1
263
241
1
261
242
1
258
243
1
256
245
1
254
246
1
253
248
1
250
249
1
248
251
1
246
252
1
243
254
1
241
256
1
238
257
1
236
260
1
233
261
1
231
262
1
228
265
1
226
267
1
224
269
1
224
272
1
