128
427
1
128
426
1
128
425
1
128
423
1
128
422
1
129
421
1
129
420
1
130
419
1
131
418
1
131
417
1
132
416
1
133
415
1
134
414
1
135
414
1
136
414
1
136
413
1
137
412
1
138
411
1
139
410
1
139
409
1
140
407
1
140
406
1
140
405
1
140
404
1
140
403
1
141
401
1
141
400
1
142
399
1
143
399
1
144
397
1
146
396
1
147
395
1
148
393
1
149
392
1
150
391
1
151
390
1
153
388
1
155
386
1
157
384
1
158
383
1
159
382
1
159
380
1
160
379
1
161
377
1
161
376
1
163
374
1
163
373
1
164
371
1
165
370
1
166
368
1
167
367
1
169
366
1
171
365
1
172
365
1
173
364
1
176
363
1
178
362
1
180
361
1
182
360
1
184
358
1
186
357
1
187
356
1
188
355
1
189
354
1
190
353
1
192
353
1
195
352
1
197
352
1
199
352
1
201
352
1
203
352
1
205
351
1
207
351
1
210
350
1
211
350
1
213
349
1
213
348
1
214
347
1
215
346
1
217
346
1
218
345
1
219
345
1
220
344
1
221
344
1
222
343
1
223
343
1
224
343
1
225
343
1
226
343
1
228
343
1
229
346
1
230
347
1
232
348
1
233
348
1
234
346
1
235
345
1
236
345
1
238
346
1
241
347
1
245
347
1
246
346
1
248
345
1
249
343
1
250
343
1
251
343
1
253
345
1
254
349
1
255
351
1
255
354
1
257
357
1
258
359
1
259
362
1
260
365
1
262
369
1
263
373
1
265
376
1
266
380
1
266
383
1
267
387
1
267
390
1
268
393
1
269
397
1
270
400
1
271
405
1
271
409
1
272
412
1
272
414
1
272
417
1
273
420
1
274
424
1
275
428
1
275
431
1
276
433
1
276
435
1
276
438
1
277
441
1
277
443
1
277
445
1
278
446
1
278
448
1
278
449
1
278
451
1
278
452
1
279
452
1
279
453
1
279
454
1
279
451
0
277
446
0
276
439
0
272
434
0
258
418
0
245
402
0
236
392
0
229
379
0
224
371
0
223
365
0
221
359
0
221
355
0
221
352
0
223
349
0
223
348
0
224
347
0
225
346
0
226
346
0
227
347
1
228
347
1
228
349
1
227
352
1
227
355
1
226
357
1
226
359
1
225
360
1
225
362
1
224
365
1
224
367
1
223
370
1
223
372
1
222
375
1
222
377
1
222
380
1
222
383
1
222
386
1
222
388
1
222
391
1
222
393
1
222
396
1
222
399
1
222
401
1
222
404
1
222
407
1
222
411
1
223
415
1
223
418
1
223
420
1
223
424
1
223
427
1
224
431
1
224
435
1
225
438
1
225
440
1
225
443
1
226
445
1
226
447
1
226
448
1
226
449
1
226
451
1
227
453
1
227
454
1
227
455
1
227
456
1
219
449
0
215
441
0
212
439
0
207
439
0
200
438
0
192
437
0
188
440
0
187
443
0
187
448
0
187
451
0
187
452
0
186
452
0
184
453
0
185
451
1
185
450
1
186
448
1
186
447
1
186
446
1
186
444
1
187
442
1
188
439
1
188
437
1
188
434
1
188
431
1
188
428
1
188
425
1
188
422
1
188
419
1
188
416
1
187
412
1
186
408
1
185
405
1
185
402
1
185
400
1
186
400
1
188
403
1
190
407
1
191
411
1
192
415
1
192
419
1
192
422
1
192
425
1
192
428
1
192
431
1
192
434
1
191
437
1
191
440
1
190
443
1
190
445
1
189
447
1
189
450
1
189
452
1
189
453
1
190
450
1
191
445
1
192
440
1
194
435
1
194
429
1
195
424
1
195
419
1
196
414
1
196
411
1
196
407
1
196
403
1
196
399
1
196
395
1
196
392
1
195
389
1
194
387
1
193
384
1
193
382
1
192
380
1
189
382
0
189
385
0
190
392
0
201
389
0
359
300
0
359
307
0
353
320
0
349
327
0
348
331
0
352
335
0
349
350
0
339
362
0
332
367
0
324
371
0
318
372
0
313
372
0
310
371
0
310
369
0
309
368
0
309
367
0
308
368
0
307
371
0
306
373
0
306
374
0
305
375
0
304
376
1
304
378
1
303
379
1
303
381
1
303
385
1
302
387
1
302
390
1
302
391
1
302
393
1
302
395
1
302
396
1
302
398
1
302
399
1
302
402
1
302
404
1
302
408
1
302
410
1
302
412
1
302
414
1
301
417
1
301
419
1
301
422
1
301
424
1
301
425
1
301
429
1
301
432
1
301
437
1
301
441
1
301
444
1
301
446
1
301
448
1
301
449
1
301
451
1
301
452
1
301
453
1
301
454
1
301
448
0
300
441
0
298
435
0
295
429
0
292
423
0
290
421
0
288
420
0
284
419
0
281
419
0
278
419
0
277
419
0
276
419
0
275
422
0
273
423
0
272
424
0
272
423
0
274
423
1
276
423
1
277
424
1
279
424
1
280
424
1
282
424
1
283
424
1
284
423
1
286
423
1
287
421
1
289
420
1
291
419
1
293
418
1
294
416
1
295
416
1
296
415
1
297
414
1
298
413
1
299
412
1
300
411
1
300
410
1
301
410
1
301
409
1
302
408
1
302
407
1
301
408
0
298
408
0
296
408
0
295
407
0
291
406
0
287
405
0
285
403
0
283
401
0
280
399
0
277
399
0
276
399
0
275
399
0
274
399
0
272
399
0
271
399
0
271
400
0
271
401
0
271
399
1
272
399
1
272
398
1
273
398
1
274
398
1
275
398
1
276
399
1
276
400
1
276
402
1
276
404
1
276
405
1
275
405
1
274
406
1
273
406
1
273
407
1
272
409
1
272
410
1
275
412
1
276
412
1
277
412
1
279
411
1
280
410
1
280
409
1
279
408
1
278
407
1
277
406
1
277
405
1
277
404
1
279
402
1
280
401
1
282
401
1
283
401
1
284
401
1
284
402
1
284
404
1
284
405
1
283
406
1
283
407
1
282
409
1
282
411
1
282
412
1
283
413
1
285
413
1
286
413
1
287
413
1
288
413
1
288
412
1
288
411
1
288
409
1
287
408
1
286
407
1
286
406
1
286
405
1
286
404
1
286
403
1
286
402
1
288
401
1
289
400
1
291
400
1
292
401
1
292
403
1
292
404
1
291
405
1
290
406
1
290
407
1
289
408
1
289
409
1
290
409
1
292
410
1
294
410
1
295
410
1
296
409
1
297
408
1
297
406
1
297
405
1
296
404
1
295
404
1
294
403
1
294
402
1
294
401
1
294
400
1
294
399
1
295
399
1
296
398
1
297
397
1
298
396
1
299
396
1
300
396
1
301
396
1
301
397
1
302
398
1
302
399
1
302
398
0
303
400
0
306
402
0
307
403
0
311
402
0
323
396
0
335
385
0
339
380
0
337
375
0
330
369
0
327
366
0
324
363
0
322
361
0
320
363
0
317
367
0
315
369
0
314
370
0
313
371
0
312
372
0
311
373
0
311
376
0
312
374
0
318
370
0
324
364
0
328
360
0
331
354
0
331
352
0
330
351
0
329
351
0
328
351
0
327
349
0
327
347
0
326
348
0
325
350
1
326
350
1
328
351
1
330
351
1
332
351
1
334
352
1
337
352
1
339
352
1
341
352
1
345
351
1
348
351
1
350
350
1
352
350
1
354
350
1
356
350
1
357
351
1
358
353
1
359
355
1
359
357
1
359
360
1
359
364
1
359
368
1
359
373
1
359
378
1
359
381
1
359
386
1
359
389
1
359
391
1
359
392
1
359
393
1
360
394
1
360
395
1
360
396
1
359
392
0
359
386
0
359
380
0
359
375
0
359
371
0
359
367
0
359
365
0
359
364
0
359
361
0
359
359
0
360
360
1
363
359
1
365
358
1
367
357
1
370
356
1
372
356
1
375
356
1
376
357
1
377
359
1
379
361
1
379
363
1
380
365
1
382
367
1
383
368
1
384
370
1
387
372
1
390
374
1
391
376
1
393
379
1
395
380
1
397
384
1
398
385
1
399
387
1
400
390
1
402
392
1
405
395
1
408
398
1
410
401
1
412
403
1
413
405
1
415
407
1
416
409
1
418
411
1
419
412
1
421
414
1
422
415
1
426
416
1
428
416
1
431
416
1
433
416
1
436
416
1
438
418
1
439
419
1
439
422
1
439
425
1
441
428
1
444
430
1
447
432
1
452
433
1
455
435
1
458
438
1
460
440
1
463
443
1
465
445
1
466
447
1
467
448
1
468
450
1
469
451
1
469
453
1
469
454
1
470
456
1
470
457
1
468
456
1
465
454
1
462
452
1
457
451
1
452
450
1
449
450
1
445
450
1
442
450
1
439
450
1
434
450
1
431
450
1
427
452
1
423
454
1
420
456
1
417
457
1
414
459
1
411
461
1
409
463
1
408
464
1
407
465
1
407
466
1
408
464
0
405
460
0
393
456
0
384
454
0
377
453
0
375
453
0
374
453
0
373
454
0
373
455
0
372
453
1
372
452
1
372
451
1
371
448
1
370
447
1
369
443
1
368
439
1
367
436
1
366
434
1
365
430
1
364
428
1
364
426
1
364
423
1
364
420
1
364
418
1
364
415
1
364
412
1
365
408
1
366
403
1
367
400
1
368
396
1
368
393
1
368
397
1
367
406
1
367
411
1
366
415
1
366
419
1
366
422
1
367
426
1
368
430
1
370
434
1
372
438
1
375
442
1
376
445
1
376
447
1
377
448
1
377
449
1
377
450
1
378
448
1
379
441
1
381
435
1
382
432
1
384
429
1
387
427
1
389
425
1
393
423
1
396
421
1
399
421
1
402
420
1
403
420
1
404
420
1
401
421
1
397
423
1
393
425
1
390
428
1
386
431
1
384
435
1
381
441
1
379
447
1
378
451
1
378
454
1
378
455
1
378
456
1
378
457
1
379
456
0
387
452
0
396
449
0
402
447
0
404
446
0
401
446
0
399
443
0
388
439
0
373
435
0
344
425
0
292
411
0
273
401
0
270
393
0
268
392
0
266
397
0
267
397
0
280
395
0
301
392
0
306
384
0
305
384
0
299
392
0
297
394
0
301
394
0
302
394
0
304
392
0
304
389
0
304
387
0
302
383
0
302
382
0
301
381
0
302
380
0
302
379
0
302
380
0
302
382
0
302
385
0
302
383
1
302
382
1
302
380
1
302
378
1
302
376
1
302
375
1
303
374
1
303
373
1
304
372
1
304
371
1
304
370
1
305
369
1
306
368
1
307
367
1
307
366
1
308
365
1
309
365
1
309
364
1
310
363
1
311
362
1
312
361
1
313
361
1
314
360
1
315
360
1
316
360
1
317
360
1
317
359
1
318
359
1
319
358
1
320
357
1
321
356
1
321
355
1
321
354
1
321
353
1
321
352
1
321
351
1
321
350
1
321
349
1
321
348
1
321
347
1
321
346
1
321
345
1
321
344
1
322
343
1
322
342
1
323
341
1
323
340
1
323
339
1
324
336
1
325
334
1
325
333
1
325
332
1
325
331
1
326
330
1
327
328
1
328
325
1
328
324
1
329
322
1
330
320
1
330
319
1
330
317
1
331
315
1
331
314
1
331
313
1
331
312
1
331
310
1
331
309
1
330
308
1
330
307
1
330
308
0
329
308
0
328
310
0
327
311
0
324
313
0
319
318
0
311
325
0
302
331
0
285
336
0
271
336
0
261
336
0
249
337
0
245
337
0
238
337
0
231
337
0
230
335
0
234
340
0
236
342
0
238
344
0
236
345
0
233
340
0
231
337
0
230
336
0
229
336
0
228
337
0
228
338
0
227
339
0
227
341
0
227
342
0
226
340
1
226
339
1
225
337
1
224
335
1
224
332
1
224
328
1
223
325
1
223
323
1
223
322
1
223
321
1
222
320
1
222
316
1
222
314
1
221
311
1
221
309
1
221
306
1
221
304
1
222
301
1
223
298
1
223
295
1
223
293
1
223
291
1
223
290
1
222
289
1
220
288
1
219
287
1
217
286
1
216
285
1
216
283
1
216
281
1
216
279
1
217
278
1
219
277
1
220
276
1
222
275
1
222
274
1
222
273
1
222
272
1
222
271
1
221
268
1
221
267
1
221
265
1
222
264
1
223
262
1
225
260
1
226
258
1
227
256
1
227
254
1
227
251
1
227
248
1
228
244
1
230
242
1
231
238
1
232
237
1
233
236
1
237
234
1
238
233
1
239
233
1
238
235
1
236
238
1
235
242
1
235
244
1
236
243
1
238
239
1
240
237
1
243
234
1
247
232
1
251
230
1
254
229
1
256
228
1
260
228
1
262
228
1
264
228
1
266
228
1
268
228
1
271
228
1
273
228
1
276
228
1
279
228
1
282
228
1
285
227
1
288
226
1
290
225
1
291
224
1
292
223
1
292
222
1
290
220
1
292
224
1
293
227
1
293
228
1
294
229
1
296
230
1
299
230
1
302
229
1
303
228
1
306
228
1
309
228
1
310
228
1
311
226
1
313
225
1
315
224
1
314
227
1
314
232
1
315
234
1
316
234
1
319
234
1
322
234
1
324
237
1
324
240
1
324
243
1
324
245
1
324
246
1
326
247
1
328
248
1
330
249
1
331
251
1
333
254
1
334
257
1
334
260
1
334
262
1
335
266
1
335
269
1
335
271
1
335
273
1
335
276
1
335
278
1
335
280
1
335
281
1
335
282
1
334
284
1
334
285
1
333
286
1
333
287
1
333
288
1
332
289
1
328
287
0
325
285
0
323
282
0
322
282
0
320
280
0
317
279
0
314
280
0
310
280
0
305
282
0
297
288
0
289
294
0
282
302
0
275
311
0
270
318
0
266
324
0
262
330
0
259
333
0
256
337
0
254
339
0
252
341
0
252
342
0
252
344
0
252
343
1
252
342
1
252
340
1
252
338
1
252
337
1
252
336
1
252
334
1
252
332
1
252
331
1
252
330
1
252
328
1
252
327
1
253
327
1
251
329
1
249
330
1
247
332
1
245
332
1
243
332
1
242
332
1
240
331
1
239
330
1
238
329
1
237
328
1
237
326
1
236
324
1
235
321
1
235
318
1
235
317
1
235
316
1
237
314
1
239
313
1
241
312
1
243
312
1
246
311
1
249
309
1
252
308
1
255
307
1
256
305
1
258
304
1
261
301
1
261
299
1
263
297
1
263
295
1
264
293
1
264
291
1
264
289
1
264
287
1
265
286
1
265
285
1
268
285
1
270
285
1
273
285
1
276
285
1
279
284
1
282
283
1
284
282
1
287
280
1
289
278
1
291
275
1
293
272
1
294
270
1
295
268
1
296
266
1
298
264
1
299
262
1
301
259
1
302
258
1
304
256
1
306
255
1
307
254
1
308
253
1
310
252
1
310
253
1
309
256
1
308
258
1
308
261
1
308
264
1
309
266
1
311
268
1
311
270
1
312
271
1
312
273
1
313
275
1
313
277
1
313
280
1
313
281
1
313
282
1
313
283
1
312
285
1
311
285
1
312
285
1
313
284
1
314
282
1
315
280
1
315
278
1
315
276
1
315
275
1
315
272
1
314
270
1
314
267
1
314
265
1
314
262
1
314
258
1
315
255
1
316
255
1
318
257
1
319
259
1
320
261
1
321
263
1
322
265
1
323
267
1
324
269
1
325
271
1
325
274
1
326
275
1
327
277
1
327
279
1
328
281
1
330
282
1
331
283
1
331
284
1
332
285
1
332
286
1
333
286
1
333
287
1
330
285
0
330
284
0
328
282
0
327
281
0
326
279
0
325
278
0
323
277
0
323
276
0
326
272
0
326
263
0
328
257
0
297
264
0
279
280
0
280
287
0
291
284
0
306
279
0
314
283
0
306
290
0
301
291
0
297
292
0
296
292
0
295
294
0
292
298
0
285
304
0
284
311
0
285
323
0
290
328
0
299
341
0
318
356
0
328
365
0
330
362
0
330
355
0
326
348
0
321
342
0
312
341
0
306
340
0
304
340
0
301
338
0
301
335
0
302
333
0
302
335
0
302
336
0
303
337
0
302
338
0
302
337
0
301
335
1
302
335
1
303
335
1
304
335
1
306
335
1
307
334
1
308
334
1
310
333
1
311
332
1
312
332
1
314
331
1
315
331
1
316
330
1
317
330
1
318
331
1
319
332
1
320
333
1
321
333
1
322
333
1
323
333
1
324
333
1
323
332
0
320
334
0
317
335
0
316
337
0
314
338
0
312
340
0
312
339
0
312
338
0
311
337
0
311
336
0
313
337
1
314
338
1
316
339
1
317
339
1
319
339
1
320
339
1
321
339
1
322
339
1
323
339
1
324
338
1
325
338
1
322
338
0
321
332
0
321
326
0
318
319
0
318
318
0
317
317
0
316
316
0
313
317
0
312
318
0
314
318
0
315
318
0
316
317
0
315
317
0
314
318
0
312
319
0
312
320
0
313
319
1
314
318
1
315
318
1
316
317
1
317
317
1
318
316
1
319
315
1
317
317
1
315
319
1
315
320
1
317
320
1
319
320
1
321
320
1
322
319
1
323
319
1
324
317
1
325
316
1
326
315
1
326
314
1
326
313
1
326
312
1
326
311
1
325
309
1
325
308
1
324
308
1
324
306
1
323
305
1
322
302
1
321
301
1
320
300
1
319
299
1
318
297
1
317
297
1
316
297
1
315
297
1
315
298
1
313
300
1
312
302
1
312
303
1
310
304
1
309
306
1
308
307
1
308
308
1
307
308
1
306
308
1
305
308
1
304
308
1
302
308
1
300
309
1
299
309
1
298
310
1
297
310
1
295
310
1
294
310
1
293
310
1
291
310
1
289
310
1
288
310
1
286
309
1
285
309
1
284
309
1
283
309
1
282
308
1
282
307
1
281
305
1
281
304
1
281
302
1
281
301
1
281
299
1
281
297
1
281
296
1
281
295
1
281
294
1
281
292
1
281
291
1
281
290
1
282
290
1
283
289
1
284
288
1
286
288
1
287
287
1
289
287
1
290
287
1
292
287
1
293
288
1
295
289
1
297
289
1
299
289
1
300
289
1
302
289
1
304
290
1
305
290
1
307
290
1
309
290
1
310
291
1
312
291
1
313
291
1
314
291
1
314
292
1
314
294
1
314
295
1
314
296
1
315
296
1
316
296
1
318
294
1
319
294
1
320
293
1
322
293
1
324
292
1
326
292
1
327
292
1
329
292
1
331
292
1
333
292
1
336
291
1
338
291
1
339
291
1
340
291
1
341
291
1
341
292
1
340
294
1
340
296
1
339
298
1
339
299
1
339
300
1
339
302
1
338
304
1
337
305
1
336
306
1
335
306
1
334
307
1
332
307
1
330
307
1
329
307
1
328
307
1
327
307
1
325
307
1
326
304
0
326
302
0
325
302
0
323
302
0
322
302
0
319
302
0
317
302
0
315
301
0
312
299
0
308
297
0
302
297
0
300
298
0
298
299
0
297
299
0
294
300
0
293
301
0
291
301
0
291
300
0
291
298
0
291
297
0
293
298
1
294
297
1
296
297
1
298
296
1
299
295
1
300
295
1
302
295
1
303
295
1
305
295
1
306
295
1
304
295
1
301
296
1
300
296
1
298
297
1
296
298
1
293
300
1
292
302
1
293
301
0
295
301
0
301
299
0
304
299
0
310
299
0
318
300
0
321
300
0
324
300
0
325
300
0
326
298
0
327
298
0
326
297
0
325
297
0
324
296
0
323
297
0
323
298
0
326
298
1
329
297
1
328
297
1
326
298
1
325
299
1
324
300
1
323
300
0
316
300
0
305
298
0
288
296
0
278
294
0
270
293
0
266
294
0
262
295
0
261
296
0
260
297
0
261
296
0
262
296
0
264
295
1
266
296
1
268
296
1
270
296
1
272
296
1
273
296
1
275
296
1
276
296
1
279
296
1
281
296
1
282
296
1
283
296
1
284
296
1
285
296
1
284
296
0
283
297
0
283
299
0
282
301
0
281
304
0
279
305
0
279
306
0
278
315
0
277
321
0
277
324
0
277
326
0
277
329
0
275
335
0
271
340
0
267
342
0
263
342
0
259
338
0
256
335
0
254
330
0
253
329
0
252
330
0
254
331
1
256
334
1
257
336
1
259
338
1
259
339
1
261
341
1
262
342
1
263
344
1
265
345
1
268
347
1
269
348
1
271
349
1
272
350
1
273
350
1
275
351
1
276
352
1
277
353
1
279
354
1
280
354
1
281
355
1
282
355
1
284
356
1
285
356
1
286
356
1
287
357
1
289
357
1
290
358
1
292
358
1
294
358
1
296
358
1
297
358
1
299
358
1
300
358
1
304
358
1
305
358
1
306
358
1
307
358
1
308
358
1
310
357
1
311
357
1
312
357
1
313
357
1
314
357
1
315
357
1
316
357
1
317
357
1
318
357
1
319
357
1
320
357
1
321
357
1
322
357
1
322
356
1
322
355
0
320
353
0
318
352
0
315
353
0
314
354
0
312
354
0
311
353
0
309
349
0
308
342
0
308
334
0
309
323
0
303
311
0
292
275
0
283
243
0
274
234
0
273
227
0
278
226
0
285
228
0
290
233
0
297
234
0
302
237
0
309
241
0
314
245
0
316
248
0
314
248
0
312
248
0
311
247
0
310
245
0
310
243
0
307
243
1
305
243
1
303
243
1
301
243
1
298
243
1
294
244
1
291
246
1
288
249
1
284
252
1
282
255
1
280
258
1
278
261
1
276
264
1
274
267
1
272
270
1
271
271
1
269
273
1
267
274
1
265
275
1
264
276
1
262
277
1
261
278
1
261
276
0
267
269
0
272
262
0
275
257
0
280
250
0
283
246
0
286
242
0
287
241
0
289
239
0
291
239
0
292
239
0
295
238
0
291
240
1
288
242
1
284
244
1
281
246
1
278
249
1
275
252
1
273
254
1
271
257
1
269
261
1
267
263
1
265
265
1
263
267
1
261
269
1
258
271
1
256
272
1
256
273
1
261
263
0
266
257
0
270
253
0
273
248
0
275
243
0
276
242
0
277
241
0
274
243
1
270
245
1
267
248
1
264
252
1
262
255
1
261
258
1
260
261
1
258
263
1
256
266
1
254
270
1
252
272
1
250
274
1
249
275
1
246
277
1
244
279
1
242
280
1
240
281
1
238
282
1
237
282
1
236
282
1
240
277
0
248
266
0
256
258
0
261
250
0
265
245
0
266
242
0
268
240
0
269
240
0
268
242
1
264
243
1
260
246
1
257
249
1
254
252
1
251
256
1
249
260
1
247
262
1
246
265
1
244
267
1
243
269
1
241
271
1
239
272
1
237
274
1
235
275
1
234
275
1
233
276
1
230
277
1
230
278
1
231
276
0
237
267
0
240
264
0
244
256
0
249
248
0
254
240
0
255
238
0
256
237
0
257
237
0
259
237
0
255
240
1
250
243
1
246
246
1
243
250
1
240
255
1
238
258
1
236
263
1
235
266
1
234
269
1
233
271
1
234
268
0
239
272
0
244
279
0
249
285
0
253
287
0
255
287
0
256
287
0
258
286
0
258
284
0
258
282
0
257
286
1
256
289
1
254
291
1
252
293
1
249
295
1
246
296
1
243
298
1
241
300
1
239
301
1
237
301
1
236
301
1
234
302
1
233
302
1
232
302
1
234
299
0
235
296
0
236
293
0
237
291
0
238
290
0
238
289
0
237
293
1
236
295
1
234
297
1
232
298
1
231
299
1
239
288
0
266
259
0
298
236
0
306
231
0
309
231
0
317
230
0
321
231
0
315
236
0
308
240
0
304
241
0
302
242
0
301
242
0
299
242
0
299
241
0
298
240
0
297
240
0
296
239
0
300
239
1
303
239
1
306
238
1
309
238
1
312
238
1
314
240
1
315
241
1
316
243
1
318
245
1
319
247
1
321
250
1
321
252
1
322
253
1
323
255
1
324
257
1
324
258
1
325
259
1
326
260
1
328
261
1
329
261
1
330
262
1
332
262
1
333
262
1
328
262
0
312
268
0
287
284
0
276
292
0
254
303
0
248
308
0
242
310
0
237
311
0
235
313
0
234
314
0
233
315
0
232
315
0
231
312
0
231
311
1
231
310
1
229
313
1
229
317
1
229
320
1
229
323
1
229
327
1
229
330
1
230
334
1
232
338
1
233
339
1
234
342
1
235
343
1
236
343
1
234
338
0
234
334
0
234
333
0
234
332
0
236
330
0
238
330
0
239
329
1
239
333
1
240
335
1
242
338
1
244
340
1
245
341
1
246
341
1
246
340
0
245
337
0
245
334
0
245
333
0
245
330
0
245
329
0
245
331
1
246
335
1
247
338
1
250
341
1
251
342
1
250
342
0
249
341
0
249
340
0
249
339
0
248
338
0
247
337
0
246
337
0
245
337
0
244
337
0
243
337
0
242
338
0
241
339
0
242
338
0
243
337
0
244
336
0
246
335
0
247
335
0
248
334
0
249
335
0
249
336
0
249
337
0
248
335
0
250
332
0
252
327
0
252
324
0
252
323
0
252
321
0
252
320
0
252
319
0
252
318
0
251
317
0
250
316
0
250
315
0
250
316
0
249
317
0
248
318
0
248
319
0
249
322
0
249
323
0
249
324
0
247
322
0
249
319
0
250
318
0
250
320
0
250
324
0
249
326
0
249
328
0
247
331
0
247
332
0
247
333
0
247
334
0
246
335
0
246
336
0
247
337
0
248
337
0
247
336
0
244
336
0
240
336
0
234
339
0
