191
484
1
182
486
1
178
488
1
177
488
1
177
489
1
178
489
0
178
490
0
179
491
0
181
492
0
176
488
1
167
475
1
161
457
1
157
431
0
161
407
0
170
396
0
176
396
0
185
399
0
200
399
0
219
398
0
239
394
0
257
388
0
264
378
0
264
366
0
260
351
0
254
335
0
245
324
0
239
311
0
237
299
0
246
293
0
251
289
0
245
286
0
235
292
0
231
297
0
238
296
0
244
298
0
243
309
0
241
323
0
239
334
0
238
340
0
238
342
0
242
342
0
245
341
0
246
344
0
247
348
0
247
356
0
247
359
0
251
350
0
255
335
0
257
323
0
259
317
0
260
310
0
260
309
0
258
312
0
256
318
0
256
320
0
255
322
0
254
322
0
253
323
0
253
324
1
252
325
1
251
324
1
250
323
1
249
322
1
248
319
1
247
316
1
247
314
1
247
312
1
247
309
1
247
307
1
248
304
1
249
301
1
250
300
1
250
299
1
251
297
1
252
295
1
254
294
1
255
292
1
255
291
1
258
289
1
259
288
1
262
286
1
264
285
1
266
284
1
269
283
1
272
281
1
275
280
1
278
279
1
280
277
1
283
276
1
286
275
1
290
274
1
293
272
1
296
271
1
298
271
1
302
270
1
305
269
1
309
268
1
312
267
1
316
266
1
318
265
1
323
264
1
326
264
1
330
263
1
333
263
1
337
263
1
339
263
1
344
265
1
347
266
1
351
267
1
354
268
1
357
270
1
361
272
1
363
273
1
366
274
1
369
276
1
373
277
1
376
279
1
379
280
1
383
282
1
386
283
1
390
285
1
394
288
1
398
290
1
401
292
1
406
295
1
409
298
1
412
300
1
414
304
1
416
309
1
417
312
1
419
317
1
420
322
1
421
326
1
422
332
1
422
339
1
423
345
1
423
349
1
423
353
1
422
358
1
422
361
1
421
366
1
420
371
1
418
376
1
417
380
1
416
382
1
415
385
1
414
388
1
413
391
1
412
394
1
411
400
1
402
421
0
397
429
0
387
433
0
374
422
0
315
363
0
255
361
0
247
351
0
241
344
0
246
339
0
258
328
0
263
326
0
267
326
0
267
325
0
263
323
0
260
321
0
259
321
0
257
322
0
256
323
0
255
323
1
255
324
1
254
326
1
254
328
1
254
330
1
254
331
1
254
332
1
255
333
1
257
334
1
258
334
1
260
335
1
261
336
1
262
337
1
263
337
1
264
338
1
265
339
1
265
340
1
264
338
0
263
337
0
260
340
0
257
340
0
256
340
0
256
339
0
256
336
0
256
335
0
256
334
0
257
334
0
262
336
0
268
341
0
273
343
0
276
343
0
280
343
0
281
343
0
282
343
0
283
345
0
283
346
1
281
346
1
279
346
1
277
346
1
274
346
1
272
346
1
270
346
1
268
346
1
266
346
1
264
346
1
262
347
1
259
347
1
256
348
1
255
348
1
253
349
1
251
349
1
250
349
1
248
349
1
247
349
1
245
350
1
243
350
1
242
350
1
241
350
1
240
350
1
239
351
1
238
351
1
237
350
0
239
349
0
242
349
0
243
349
0
245
347
0
246
347
0
247
347
0
247
348
0
248
349
1
248
348
1
247
346
1
247
345
1
246
343
1
246
342
1
245
341
1
245
339
1
245
338
1
243
337
1
243
336
1
242
335
1
241
334
1
240
334
1
239
334
1
238
335
1
238
337
1
237
339
1
237
341
1
237
343
1
237
345
1
237
347
1
237
348
1
237
351
1
237
353
1
237
356
1
237
357
1
238
358
1
238
360
1
239
361
1
240
362
1
241
363
1
241
364
1
242
364
1
243
364
1
244
364
1
245
364
1
245
363
1
246
362
1
247
361
1
248
360
1
248
359
1
248
357
1
248
356
1
248
354
1
248
352
1
248
351
1
247
351
1
247
349
0
247
343
0
249
342
0
250
342
0
251
341
0
252
340
0
253
339
0
255
337
0
255
336
0
255
335
0
255
334
1
256
333
1
256
334
1
256
337
1
256
340
1
255
342
1
254
344
1
253
346
1
252
348
1
251
350
1
251
352
1
249
353
1
249
355
1
248
356
1
247
357
1
245
359
1
244
361
1
243
362
1
242
363
1
241
364
1
241
365
1
240
366
1
239
367
1
239
368
1
238
369
1
238
370
1
239
371
1
240
371
1
240
372
1
241
372
1
242
372
1
243
373
1
244
374
1
245
375
1
246
375
1
247
375
1
248
375
1
247
376
1
246
378
1
245
380
1
245
381
1
245
383
1
244
384
1
244
385
1
244
386
1
246
387
1
247
388
1
248
390
1
249
390
1
250
391
1
251
391
1
250
391
1
249
390
1
248
390
1
247
390
1
246
391
1
245
393
1
244
394
1
244
396
1
243
397
1
244
399
1
245
400
1
246
401
1
247
402
1
247
404
1
247
405
1
247
407
1
247
409
1
246
411
1
245
413
1
245
415
1
245
417
1
247
419
1
248
420
1
250
421
1
251
422
1
254
423
1
256
424
1
259
426
1
262
427
1
265
428
1
268
429
1
270
430
1
274
431
1
278
432
1
279
433
1
282
435
1
284
436
1
287
438
1
288
439
1
291
441
1
293
443
1
295
445
1
297
447
1
299
449
1
301
451
1
302
453
1
303
455
1
305
458
1
307
460
1
309
464
1
310
465
1
312
468
1
313
469
1
316
471
1
318
473
1
320
475
1
324
476
1
325
477
1
316
473
0
296
445
0
287
423
0
273
402
0
265
388
0
259
379
0
257
375
0
256
370
0
256
367
0
255
363
0
254
359
0
254
356
0
253
354
0
253
352
0
253
351
0
253
350
0
254
349
0
254
348
1
253
348
1
254
350
1
257
352
1
259
354
1
260
354
1
259
354
1
257
353
1
256
352
1
255
350
1
254
349
1
254
348
1
254
346
1
258
350
1
261
352
1
263
352
1
260
352
1
256
353
1
254
353
1
252
354
1
252
351
0
252
348
0
250
350
0
249
353
0
249
355
0
252
358
0
262
360
0
275
359
0
286
349
0
285
345
0
275
335
0
267
329
0
262
327
0
260
323
0
259
318
0
257
317
0
256
315
0
253
314
0
252
314
0
251
316
0
250
316
0
249
317
0
248
318
0
248
319
0
249
320
0
253
321
1
256
322
1
258
322
1
260
322
1
260
320
1
260
318
1
259
317
1
261
319
1
265
321
1
268
322
1
270
323
1
270
321
1
271
319
1
271
318
1
274
322
1
277
324
1
278
324
1
278
321
1
278
318
1
278
316
1
278
315
1
278
319
1
280
327
1
283
334
1
285
340
1
286
343
1
289
348
1
291
352
1
293
354
1
295
357
1
297
359
1
299
362
1
300
364
1
301
366
1
302
368
1
298
352
0
298
342
0
298
335
0
298
329
0
299
325
0
301
323
0
302
322
0
302
327
1
302
335
1
303
342
1
305
348
1
307
353
1
307
358
1
307
364
1
307
368
1
307
372
1
307
375
1
305
379
1
304
380
1
304
381
0
302
380
0
303
378
0
306
375
0
309
373
0
310
373
0
311
372
0
312
372
1
313
374
1
312
380
1
309
388
1
306
390
0
307
388
0
310
385
0
312
382
0
314
380
0
315
380
0
316
379
0
317
377
0
318
376
0
320
376
1
320
379
1
319
384
1
318
388
1
317
390
1
317
388
0
319
382
0
321
376
0
322
371
0
323
369
0
324
368
0
324
365
0
324
364
0
324
363
0
326
368
0
326
372
0
326
373
0
327
375
0
327
376
1
327
381
1
325
386
1
323
389
1
322
390
0
325
386
0
331
382
0
333
381
0
333
383
0
333
385
0
332
387
0
334
386
1
333
391
1
332
396
1
332
397
1
334
395
1
337
389
1
338
386
1
339
384
1
339
389
1
339
395
1
339
400
1
339
402
1
340
397
1
342
391
1
344
387
1
344
386
1
345
386
1
345
387
1
345
394
1
345
399
1
346
401
1
347
396
1
348
391
1
350
389
1
350
388
1
351
391
1
351
398
1
352
400
1
352
398
1
354
390
1
355
387
1
356
385
1
357
393
1
358
401
1
359
402
1
361
394
1
362
388
1
363
385
1
363
384
1
363
388
1
364
395
1
365
399
1
365
401
1
365
403
1
365
404
1
369
401
1
370
396
1
370
405
1
371
408
1
372
408
1
375
406
1
378
401
1
379
395
1
380
391
1
381
385
1
381
384
1
381
391
1
380
399
1
379
405
1
379
408
1
379
410
1
379
408
0
382
404
0
383
403
0
383
407
0
382
408
0
382
409
0
385
406
1
389
399
1
392
394
1
392
393
1
392
395
1
391
401
1
390
405
1
389
409
1
388
410
1
391
405
1
395
399
1
398
394
1
399
392
1
399
391
1
399
394
1
397
400
1
396
405
1
395
407
1
395
408
1
396
406
1
401
400
1
403
397
1
405
394
1
407
392
1
408
389
1
410
385
1
411
383
1
410
389
1
408
395
1
407
399
1
406
401
1
406
402
1
408
398
1
412
390
1
415
383
1
418
373
1
419
356
0
419
353
0
418
353
0
416
354
0
411
354
0
389
354
0
359
353
0
335
349
0
328
340
0
324
332
0
323
322
0
328
310
0
336
297
0
346
286
0
349
283
0
351
280
0
353
278
0
353
279
0
353
281
1
352
283
1
349
288
1
347
292
1
345
299
1
345
304
1
344
309
1
344
315
1
344
319
1
345
324
1
345
328
1
346
333
1
348
338
1
350
346
0
350
339
0
348
326
0
346
318
0
346
313
0
348
308
0
349
305
0
350
302
0
351
301
0
352
300
0
352
299
0
352
298
0
352
302
1
351
312
1
351
321
1
353
329
1
353
332
0
352
332
0
352
328
0
351
324
0
351
316
0
353
310
0
354
307
0
360
305
0
370
304
0
375
302
0
376
300
0
372
294
0
370
292
0
369
290
0
369
291
1
373
297
1
375
305
1
376
312
1
377
320
1
378
327
1
379
333
1
379
339
0
378
338
0
378
333
0
378
326
0
379
319
0
380
315
0
380
313
0
380
309
0
380
307
0
382
310
1
384
321
1
385
330
1
385
339
1
385
347
1
385
357
1
384
360
0
382
355
0
382
341
0
383
329
0
383
322
0
384
318
0
385
315
0
386
313
0
387
312
0
388
311
0
389
317
1
391
330
1
386
333
0
370
341
0
357
348
0
338
350
0
332
351
0
318
352
0
281
327
0
261
307
0
258
303
0
261
301
0
265
296
0
268
290
0
268
286
0
268
285
0
271
284
0
270
282
1
270
284
1
270
291
1
271
296
1
275
300
1
278
303
1
279
303
1
277
303
1
272
302
1
269
300
1
267
298
1
267
300
1
270
307
1
274
311
1
278
314
1
279
314
1
274
315
1
269
314
1
266
312
1
265
312
1
268
318
1
273
320
1
274
320
0
276
319
0
277
322
0
277
324
0
277
325
0
277
326
0
276
327
0
280
330
0
288
343
0
289
370
0
286
385
0
287
397
0
289
406
0
289
407
0
278
386
0
266
380
0
268
386
0
271
393
0
276
399
0
284
416
0
286
432
0
287
445
0
299
454
0
322
459
0
344
464
0
349
467
0
357
464
0
375
441
0
382
433
0
388
426
0
394
419
0
396
416
0
398
414
0
398
412
0
398
411
0
398
412
0
399
419
1
398
423
1
397
427
1
396
429
1
395
433
1
393
435
1
391
439
1
389
442
1
387
445
1
385
449
1
383
451
1
381
454
1
379
457
1
377
460
1
376
462
1
373
465
1
372
467
1
370
469
1
368
473
1
366
475
1
364
478
1
363
481
1
361
484
1
360
486
1
359
488
1
357
492
1
356
496
1
355
499
1
354
501
1
352
504
1
351
507
1
348
510
1
345
513
1
343
516
1
340
518
1
338
521
1
336
524
1
334
527
1
331
532
1
330
535
1
328
538
1
326
541
1
325
545
1
323
548
1
321
551
1
318
556
1
317
559
1
316
563
1
315
565
1
315
549
0
312
521
0
312
497
0
314
484
0
315
475
0
316
470
0
317
472
0
316
473
0
314
472
0
313
471
1
311
472
1
307
476
1
305
479
1
302
483
1
300
486
1
298
489
1
295
493
1
293
496
1
292
499
1
290
503
1
288
506
1
286
510
1
285
513
1
284
516
1
283
519
1
282
521
1
281
524
1
280
527
1
279
531
1
279
533
1
279
534
1
279
535
1
279
536
1
281
534
1
284
531
1
287
530
1
291
528
1
295
528
1
298
527
1
301
527
1
304
527
1
307
527
1
311
527
1
313
526
1
316
525
1
319
523
1
321
521
1
324
519
1
326
516
1
328
515
1
330
513
1
332
512
1
335
511
1
337
510
1
341
510
1
343
509
1
346
509
1
347
509
1
346
509
0
348
502
0
354
494
0
365
486
0
369
487
0
377
492
0
389
473
0
395
465
0
396
456
0
398
446
0
400
442
0
403
436
0
403
428
0
402
419
0
400
417
0
399
415
0
398
414
0
397
414
0
396
413
0
395
411
1
395
408
1
397
410
1
400
413
1
402
415
1
405
418
1
407
419
1
409
420
1
412
422
1
414
423
1
417
425
1
419
426
1
422
427
1
425
428
1
428
430
1
432
433
1
435
434
1
440
437
1
443
438
1
447
440
1
451
443
1
453
445
1
456
447
1
459
449
1
462
452
1
464
454
1
467
457
1
470
459
1
473
462
1
476
465
1
479
469
1
482
472
1
484
476
1
485
479
1
487
483
1
488
487
1
490
491
1
491
495
1
492
499
1
493
502
1
493
506
1
494
510
1
495
516
1
495
520
1
495
525
1
495
531
1
495
534
1
495
539
1
495
542
1
494
548
1
494
553
1
493
559
1
493
563
1
492
568
1
491
571
1
490
576
1
490
580
1
489
584
1
488
586
1
488
588
1
487
590
1
487
591
1
487
592
1
486
587
0
477
570
0
466
562
0
451
558
0
426
546
0
399
536
0
386
534
0
378
537
0
368
545
0
363
552
0
354
563
0
352
565
0
348
566
0
346
567
0
345
570
0
344
572
1
345
570
0
337
575
1
336
576
1
335
576
1
336
573
1
338
568
1
340
563
1
341
559
1
343
555
1
344
550
1
346
544
1
347
539
1
349
535
1
350
531
1
351
527
1
352
522
1
354
517
1
355
514
1
357
510
1
359
506
1
362
502
1
363
498
1
365
495
1
368
492
1
370
488
1
371
486
1
374
482
1
376
479
1
378
476
1
379
474
1
381
472
1
383
470
1
385
468
1
387
466
1
390
463
1
393
461
1
397
458
1
399
456
1
402
454
1
406
452
1
408
451
1
411
450
1
416
448
1
420
448
1
424
448
1
427
448
1
430
449
1
433
450
1
435
453
1
438
456
1
441
458
1
443
461
1
446
465
1
448
468
1
450
473
1
451
477
1
453
482
1
454
485
1
455
490
1
456
494
1
457
501
1
458
506
1
458
511
1
458
517
1
458
522
1
458
526
1
457
530
1
456
534
1
455
539
1
453
544
1
452
548
1
451
552
1
449
556
1
449
560
1
447
564
1
447
568
1
446
571
1
445
574
1
444
578
1
443
580
1
442
583
1
442
584
1
442
585
1
440
585
1
439
584
1
437
583
1
435
582
1
432
581
1
428
581
1
423
581
1
418
581
1
413
581
1
409
581
1
405
582
1
401
582
1
397
582
1
393
583
1
389
584
1
386
585
1
383
586
1
381
587
1
378
588
1
375
588
1
372
589
1
363
590
1
357
592
0
359
591
0
376
587
0
389
588
0
408
588
0
423
586
0
430
583
0
432
583
0
433
583
0
434
590
1
434
596
1
433
583
0
418
546
0
398
511
0
385
498
0
380
493
0
374
491
0
367
495
0
363
498
0
360
502
0
360
503
0
360
504
0
360
505
1
359
508
1
358
508
1
358
505
1
361
501
1
364
496
1
367
493
1
371
489
1
376
486
1
381
483
1
385
481
1
388
480
1
389
480
1
389
482
1
385
486
1
381
491
1
374
497
1
367
505
1
366
506
1
367
505
0
369
514
0
365
522
0
364
524
0
363
526
0
362
526
0
361
526
1
359
526
1
358
526
1
362
521
1
371
514
1
376
510
1
381
507
1
387
504
1
392
501
1
397
499
1
399
499
1
398
500
1
394
505
1
389
509
1
379
518
0
365
529
0
363
531
0
363
535
0
361
540
0
361
542
0
358
543
0
356
545
0
354
546
0
353
547
0
353
548
0
355
545
1
360
538
1
368
532
1
374
528
1
381
524
1
388
521
1
392
519
0
390
523
0
384
531
0
379
536
0
373
542
0
367
548
0
363
551
0
359
554
0
357
557
0
355
558
0
354
558
0
355
555
1
361
549
1
367
544
1
372
541
1
377
538
1
383
535
1
390
530
0
392
529
0
391
534
0
389
538
0
385
541
0
379
546
0
370
553
0
364
559
0
360
561
0
356
563
0
354
564
0
353
565
0
351
565
0
350
565
0
351
564
1
356
562
1
363
561
1
372
559
1
380
556
1
386
554
0
392
555
0
395
556
0
396
555
0
399
557
0
416
562
0
457
564
0
459
565
0
459
569
0
460
573
0
460
574
0
461
572
0
461
568
0
461
565
0
462
565
0
463
565
0
465
565
0
467
563
0
467
561
1
467
560
1
466
560
1
465
562
1
459
570
1
452
574
1
446
581
0
447
581
0
450
581
0
452
580
0
456
578
0
459
578
0
460
577
0
462
576
0
463
575
0
456
581
1
446
584
0
444
584
0
441
585
0
436
581
0
400
569
0
356
556
0
329
535
0
318
512
0
311
487
0
308
474
0
308
471
0
309
469
0
307
466
0
303
463
0
296
455
0
285
449
0
275
445
0
273
438
0
277
432
0
279
430
0
282
429
0
283
431
0
284
433
0
285
434
0
285
435
0
286
436
0
285
439
1
284
442
1
283
445
1
282
447
1
281
449
1
280
451
1
279
453
1
278
455
1
277
456
1
277
457
1
276
459
1
275
461
1
274
463
1
273
465
1
272
467
1
272
468
1
270
470
1
269
472
1
267
474
1
266
476
1
265
478
1
264
480
1
264
482
1
263
483
1
263
486
1
263
488
1
263
491
1
262
494
1
262
496
1
262
499
1
262
502
1
262
506
1
262
509
1
262
511
1
262
514
1
262
516
1
262
518
1
262
520
1
262
522
1
262
525
1
263
527
1
263
530
1
263
531
1
264
532
1
264
533
1
264
534
1
264
533
0
264
515
0
264
489
0
267
461
0
264
430
0
263
400
0
263
395
0
260
389
0
257
384
0
255
384
0
253
385
0
251
388
0
249
398
0
249
414
0
253
426
0
258
429
0
263
429
0
266
429
0
268
429
0
269
429
0
270
429
0
271
430
1
272
430
1
271
430
0
274
430
1
272
433
1
270
436
1
268
438
1
266
439
1
264
441
1
261
443
1
259
444
1
257
445
1
255
447
1
253
449
1
251
451
1
250
452
1
249
454
1
247
456
1
246
459
1
246
460
1
247
454
0
250
449
0
253
447
0
254
446
0
255
445
0
254
443
0
250
434
0
249
429
0
249
423
0
247
419
0
245
416
0
243
411
0
243
408
0
243
406
0
243
403
0
244
401
0
244
400
0
244
399
1
245
397
1
244
397
1
243
402
1
241
406
1
240
410
1
240
413
1
239
416
1
238
418
1
238
421
1
237
422
1
237
423
1
237
425
1
237
429
1
237
432
1
237
435
1
239
439
1
240
443
1
241
447
1
242
449
1
243
451
1
243
454
1
243
455
1
244
455
1
244
456
1
246
450
0
246
444
0
246
442
0
245
440
0
244
439
0
243
439
0
242
439
1
241
439
1
240
439
1
240
438
1
241
440
1
243
442
1
245
443
1
247
444
1
249
445
1
251
445
1
253
445
1
255
445
1
255
444
0
251
436
0
249
427
0
252
405
0
238
389
0
237
378
0
240
373
0
240
372
0
240
374
0
240
375
0
241
376
0
241
377
0
241
379
0
241
377
0
241
376
0
241
375
0
242
376
1
242
377
1
242
380
1
242
383
1
240
386
1
239
389
1
238
390
1
237
392
1
236
394
1
235
396
1
234
398
1
233
401
1
232
403
1
231
405
1
229
407
1
228
410
1
228
411
1
226
414
1
226
415
1
225
417
1
225
418
1
224
419
1
224
420
1
223
422
1
223
423
1
223
424
1
224
413
0
226
407
0
228
403
0
230
399
0
232
395
0
233
393
0
235
391
0
235
390
0
236
389
0
237
388
0
238
387
0
236
387
1
234
389
1
232
389
1
230
390
1
229
391
1
228
392
1
226
393
1
225
394
1
224
395
1
223
397
1
222
399
1
221
400
1
220
402
1
218
403
1
218
404
1
217
406
1
216
407
1
216
408
1
215
410
1
215
412
1
215
414
1
215
417
1
215
419
1
215
421
1
214
425
1
214
426
1
214
428
1
214
431
1
213
434
1
213
437
1
213
438
1
213
439
1
213
441
1
214
443
1
215
445
1
216
447
1
218
449
1
219
452
1
221
455
1
222
456
1
223
458
1
223
460
1
224
463
1
224
465
1
225
467
1
225
469
1
226
472
1
226
474
1
226
476
1
226
478
1
226
481
1
225
485
1
225
489
1
225
494
1
225
499
1
225
503
1
225
507
1
225
511
1
225
515
1
225
520
1
225
525
1
225
532
1
225
533
1
225
535
1
225
537
1
225
538
1
225
541
1
225
543
1
225
544
1
224
545
1
223
545
0
223
542
0
223
539
0
224
538
0
224
536
0
224
533
0
225
528
0
225
525
0
225
523
0
225
520
0
224
518
0
224
514
0
222
510
0
221
506
0
219
504
0
219
503
0
223
494
0
232
478
0
245
454
0
256
440
0
260
435
0
265
428
0
268
405
0
264
383
0
261
369
0
257
360
0
256
355
0
256
352
0
257
351
0
259
351
0
260
350
0
260
354
0
260
355
0
259
356
0
258
358
0
258
359
0
258
361
0
259
361
0
260
362
0
260
363
0
256
366
0
251
372
0
245
381
0
245
392
0
243
403
0
