280
343
1
276
364
0
252
429
0
227
484
0
210
537
0
196
572
0
189
588
0
188
590
0
194
577
0
225
533
0
253
511
0
272
497
0
286
491
0
295
486
0
299
483
0
265
508
0
117
629
0
7
681
0
227
286
0
237
266
0
238
266
0
245
263
0
246
260
0
1
560
0
17
354
0
115
362
0
157
361
0
168
360
0
169
360
0
542
565
0
509
480
0
484
412
0
477
393
0
472
391
0
467
404
0
464
412
0
464
413
0
464
414
0
61
312
0
119
317
0
165
323
0
172
325
0
160
319
0
158
305
0
177
318
0
211
375
0
256
431
0
297
438
0
332
390
0
334
347
0
308
331
0
296
329
0
294
329
0
298
332
0
300
332
0
299
350
0
294
369
0
289
381
0
289
380
0
286
381
0
287
383
0
291
377
0
285
391
0
278
409
0
277
408
0
275
401
0
276
399
0
277
403
0
281
415
0
301
429
0
329
438
0
338
446
0
341
450
0
321
441
0
271
413
0
261
395
0
260
391
0
259
391
0
253
379
0
250
367
0
261
361
0
265
368
0
264
376
0
278
381
0
292
379
0
303
376
0
305
373
0
306
368
0
308
362
0
309
361
0
310
359
0
313
357
0
314
357
0
315
357
0
315
356
0
316
353
0
316
348
0
317
344
0
315
347
0
312
354
0
312
355
0
309
355
0
308
356
0
309
354
0
310
353
0
302
361
0
286
373
0
278
380
0
267
386
0
253
393
0
245
398
0
236
402
0
229
406
0
229
407
0
228
408
0
227
409
0
226
410
0
223
411
0
222
411
0
221
412
0
220
412
0
219
413
0
218
414
0
217
415
0
216
415
0
216
414
0
216
413
0
216
412
0
216
411
0
217
411
1
218
412
1
219
411
1
221
411
1
222
410
1
223
409
1
224
408
1
225
408
1
226
407
1
227
406
1
228
405
1
229
404
1
231
402
1
232
401
1
233
400
1
234
399
1
236
398
1
238
397
1
239
396
1
242
395
1
244
394
1
245
393
1
246
392
1
247
391
1
248
391
1
249
390
1
250
390
1
251
389
1
253
388
1
254
387
1
255
387
1
256
386
1
258
385
1
261
384
1
263
383
1
265
382
1
267
381
1
269
380
1
271
378
1
272
378
1
274
377
1
276
376
1
278
374
1
280
373
1
281
373
1
283
371
1
285
370
1
287
369
1
289
367
1
291
366
1
292
365
1
294
363
1
296
362
1
298
360
1
301
358
1
302
357
1
304
356
1
305
355
1
306
354
1
307
353
1
308
353
1
308
352
1
309
352
1
310
351
1
310
350
1
311
349
1
312
348
1
313
347
1
313
346
1
314
345
1
314
344
1
315
343
1
315
342
1
316
340
1
316
339
1
316
338
1
316
337
1
316
336
1
317
335
1
317
334
1
317
333
1
318
332
1
318
331
1
319
329
1
320
328
1
320
327
1
321
327
1
321
326
1
322
325
1
322
324
1
323
323
1
324
322
1
325
321
1
326
320
1
327
319
1
328
319
1
329
318
1
330
318
1
331
317
1
331
316
1
332
316
1
333
315
1
335
315
1
337
314
1
338
314
1
339
313
1
340
313
1
341
312
1
342
312
1
344
312
1
346
311
1
347
311
1
348
311
1
350
311
1
351
311
1
352
311
1
353
311
1
355
311
1
357
311
1
358
312
1
360
312
1
361
313
1
362
313
1
364
313
1
365
314
1
367
315
1
368
316
1
371
317
1
372
318
1
373
318
1
374
319
1
376
320
1
377
321
1
378
322
1
379
323
1
381
324
1
382
325
1
384
326
1
386
328
1
387
329
1
389
331
1
390
332
1
391
333
1
392
334
1
393
335
1
394
337
1
395
338
1
396
340
1
397
342
1
398
343
1
399
344
1
399
346
1
400
348
1
400
349
1
401
349
1
402
351
1
403
352
1
404
353
1
404
354
1
403
355
1
402
355
1
404
346
0
402
345
0
399
347
0
398
348
0
397
350
0
399
356
0
404
368
0
410
380
0
407
385
0
408
371
0
409
366
0
409
361
0
409
360
0
410
357
0
410
355
0
410
353
0
410
352
0
409
352
0
408
352
0
407
351
0
406
351
0
405
351
0
404
352
0
406
353
1
409
353
1
411
353
1
414
353
1
415
353
1
418
353
1
421
353
1
423
353
1
425
352
1
428
352
1
431
352
1
433
353
1
435
354
1
436
354
1
438
355
1
440
356
1
442
357
1
445
357
1
448
358
1
449
359
1
452
359
1
454
360
1
456
361
1
459
362
1
462
362
1
465
364
1
467
364
1
470
365
1
473
366
1
477
367
1
478
367
1
481
368
1
485
368
1
489
369
1
492
370
1
495
370
1
497
371
1
500
372
1
502
373
1
504
374
1
506
375
1
508
376
1
511
377
1
513
378
1
517
379
1
519
380
1
522
381
1
524
382
1
526
383
1
528
384
1
529
385
1
531
386
1
533
388
1
535
389
1
538
390
1
539
390
1
544
392
1
549
393
1
551
394
1
552
395
1
558
396
1
560
397
1
560
398
1
563
399
1
564
400
1
565
401
1
568
403
1
569
404
1
573
406
1
573
407
1
574
407
1
575
408
1
577
409
1
584
413
1
585
413
1
585
414
1
589
416
1
591
419
1
593
420
1
594
421
1
595
422
1
599
425
1
600
426
1
601
427
1
604
429
1
607
431
1
609
432
1
609
433
1
610
434
1
614
434
1
620
434
1
625
434
1
628
435
1
631
436
1
634
437
1
636
438
1
639
438
1
640
439
1
642
439
1
641
441
1
638
442
1
639
443
1
644
444
1
648
445
1
652
446
1
656
446
1
659
447
1
662
447
1
667
449
1
669
450
1
672
451
1
674
452
1
675
453
1
676
454
1
672
455
1
671
455
1
671
456
1
673
458
1
676
459
1
678
460
1
681
462
1
682
463
1
682
464
1
681
465
1
676
466
1
673
466
1
672
466
1
673
467
1
678
469
1
681
471
1
683
473
1
683
475
1
684
476
1
684
478
1
682
479
1
679
479
1
676
479
1
673
479
1
670
480
1
668
480
1
665
480
1
663
480
1
660
481
1
659
481
1
657
482
1
656
482
1
653
483
1
650
483
1
647
483
1
645
483
1
642
482
1
641
482
1
638
481
1
636
480
1
632
480
1
630
479
1
626
478
1
624
477
1
622
477
1
618
477
1
616
477
1
614
477
1
612
477
1
610
477
1
606
477
1
605
477
1
601
477
1
599
477
1
596
478
1
593
479
1
591
480
1
590
481
1
588
482
1
586
483
1
585
484
1
583
485
1
579
486
1
578
486
1
577
486
1
576
486
1
575
487
1
573
488
1
571
489
1
569
491
1
566
493
1
565
494
1
563
495
1
562
496
1
559
498
1
557
500
1
554
502
1
552
503
1
550
504
1
548
506
1
546
507
1
544
508
1
541
509
1
540
510
1
538
511
1
536
512
1
534
514
1
532
515
1
529
517
1
525
519
1
523
520
1
520
521
1
518
523
1
516
524
1
515
524
1
514
525
1
512
525
1
510
526
1
507
527
1
504
527
1
501
527
1
497
527
1
492
528
1
489
528
1
486
529
1
484
529
1
482
529
1
479
529
1
478
529
1
475
529
1
472
529
1
468
529
1
464
529
1
462
529
1
459
529
1
455
529
1
453
529
1
451
529
1
449
528
1
446
528
1
443
527
1
441
527
1
438
527
1
436
526
1
434
526
1
432
525
1
430
525
1
429
525
1
426
524
1
423
523
1
420
523
1
418
522
1
416
522
1
414
522
1
410
522
1
408
521
1
406
521
1
404
520
1
402
519
1
400
518
1
398
517
1
395
516
1
393
515
1
391
514
1
389
512
1
387
511
1
385
509
1
383
508
1
381
507
1
379
505
1
377
504
1
376
503
1
373
501
1
371
500
1
370
499
1
368
498
1
367
496
1
365
495
1
364
494
1
362
492
1
361
491
1
359
489
1
358
488
1
357
486
1
355
485
1
354
483
1
354
481
1
353
480
1
352
479
1
352
477
1
351
476
1
349
473
1
348
471
1
347
470
1
345
468
1
344
467
1
342
465
1
341
463
1
340
461
1
338
460
1
338
459
1
336
457
1
336
456
1
335
454
1
333
452
1
333
451
1
332
449
1
331
449
1
330
447
1
330
445
1
329
444
1
328
443
1
328
441
1
327
440
1
326
438
1
326
437
1
326
436
1
325
434
1
325
432
1
324
431
1
323
430
1
323
429
1
322
428
1
322
427
1
322
426
1
321
424
1
321
423
1
321
421
1
321
420
1
320
418
1
320
417
1
320
414
1
320
413
1
320
411
1
320
409
1
320
408
1
320
406
1
320
404
1
321
401
1
321
399
1
321
398
1
321
396
1
322
394
1
322
392
1
323
391
1
323
389
1
324
387
1
325
385
1
326
384
1
327
382
1
327
381
1
327
380
1
328
378
1
328
376
1
328
375
1
328
374
1
327
374
1
326
374
1
325
374
1
324
374
1
323
374
1
322
374
1
321
374
1
319
374
1
318
374
1
315
374
1
314
375
1
312
375
1
311
375
1
310
376
1
307
376
1
305
377
1
304
377
1
303
377
1
302
378
1
300
379
1
298
379
1
297
380
1
296
380
1
295
381
1
292
382
1
289
383
1
288
383
1
285
384
1
282
385
1
279
387
1
277
388
1
275
388
1
272
389
1
269
390
1
267
391
1
265
393
1
263
394
1
261
396
1
260
396
1
259
397
1
257
398
1
257
399
1
256
399
1
253
401
1
251
402
1
249
402
1
248
403
1
246
404
1
245
404
1
243
405
1
240
406
1
238
407
1
235
408
1
234
409
1
233
409
1
232
410
1
231
410
1
229
411
1
228
412
1
227
412
1
225
413
1
224
413
1
222
414
1
221
414
1
220
414
1
219
414
1
211
412
1
209
411
1
210
411
1
211
411
1
214
411
1
216
410
1
217
409
1
218
409
1
219
409
1
218
401
0
216
395
0
220
386
0
228
385
0
337
346
0
357
348
0
371
351
0
381
353
0
384
349
0
379
347
0
372
345
0
364
342
0
360
339
0
359
338
0
358
338
0
357
338
0
356
338
0
354
337
0
353
337
0
354
336
1
353
334
1
352
333
1
351
332
1
349
332
1
347
332
1
345
333
1
344
333
1
343
334
1
342
335
1
341
337
1
340
337
1
339
338
1
338
338
1
338
339
1
339
340
1
341
341
1
342
342
1
343
342
1
345
343
1
346
343
1
348
344
1
350
344
1
352
343
1
354
342
1
355
340
1
356
338
1
356
337
1
355
337
1
353
336
1
353
335
1
352
335
1
352
337
0
351
337
0
350
338
0
349
338
0
348
338
0
349
340
1
350
339
1
350
338
1
349
337
1
348
339
1
348
341
1
349
340
1
349
338
1
348
340
1
349
340
1
349
337
1
348
339
1
349
338
1
348
338
1
348
339
1
348
340
1
349
339
1
349
337
1
347
338
1
347
341
1
348
340
1
348
338
1
348
339
0
349
336
0
349
338
0
351
341
0
353
342
0
359
343
0
362
349
0
367
355
0
382
356
0
387
360
0
387
369
0
386
383
0
384
406
0
385
427
0
383
444
0
373
463
0
365
473
0
361
478
0
359
480
0
356
482
0
354
480
0
353
479
0
352
478
0
352
476
0
352
473
0
351
474
1
353
474
1
355
474
1
357
473
1
359
472
1
361
471
1
364
469
1
366
468
1
367
466
1
369
464
1
370
463
1
371
462
1
373
460
1
375
458
1
377
456
1
378
455
1
380
452
1
382
448
1
383
445
1
384
443
1
385
440
1
387
436
1
388
434
1
389
432
1
389
430
1
390
427
1
390
426
1
390
425
1
391
426
1
393
428
1
394
430
1
395
434
1
396
436
1
398
439
1
400
441
1
402
444
1
404
446
1
407
448
1
410
451
1
413
453
1
415
455
1
419
457
1
422
459
1
426
462
1
430
464
1
435
466
1
440
468
1
444
469
1
449
470
1
454
470
1
460
470
1
463
471
1
469
471
1
474
472
1
479
473
1
483
473
1
489
473
1
493
473
1
499
474
1
502
474
1
506
474
1
511
474
1
517
473
1
520
472
1
525
471
1
530
471
1
537
469
1
542
468
1
549
467
1
557
467
1
562
467
1
569
467
1
577
466
1
585
466
1
592
466
1
596
465
1
603
465
1
608
465
1
613
465
1
616
465
1
622
465
1
628
466
1
632
466
1
636
468
1
638
468
1
640
468
1
643
469
1
648
470
1
653
472
1
656
473
1
660
475
1
662
476
1
665
478
1
669
479
1
676
480
0
693
474
0
690
475
0
682
479
0
672
480
0
656
486
0
622
490
0
594
474
0
550
463
0
515
492
0
499
515
0
488
523
0
481
526
0
475
529
0
470
533
0
466
532
0
463
531
0
461
530
0
459
530
0
458
530
0
455
530
0
451
528
0
449
524
0
449
523
0
450
524
0
450
525
0
450
527
0
450
529
0
449
529
0
449
530
0
449
533
0
449
534
0
446
534
0
437
514
0
410
477
0
387
441
0
369
415
0
354
399
0
346
388
0
338
380
0
329
370
0
322
359
0
319
354
0
317
353
0
316
353
0
316
352
0
316
351
0
316
349
0
315
349
0
314
349
0
313
349
1
312
351
1
313
352
1
314
354
1
314
355
1
316
356
1
317
356
1
319
357
1
320
357
1
321
357
1
322
357
1
323
357
1
325
357
1
326
357
1
327
357
1
328
357
1
328
358
1
329
358
1
327
359
1
326
360
1
325
361
1
324
363
1
323
363
1
322
365
1
322
366
1
321
367
1
321
368
1
321
369
1
321
370
1
321
371
1
321
372
1
321
373
1
321
374
1
319
371
0
318
369
0
317
369
0
316
369
0
320
369
0
338
373
0
353
389
0
363
426
0
368
470
0
372
485
0
376
490
0
379
492
0
377
495
0
371
498
0
365
501
0
363
503
0
367
513
0
374
519
0
387
524
0
402
532
0
425
542
0
431
547
0
434
544
0
436
539
0
437
536
0
438
536
0
440
534
0
440
533
0
440
530
0
440
529
0
440
528
0
441
527
1
441
530
1
441
535
1
441
536
1
441
538
1
440
539
1
440
540
1
440
541
1
440
542
1
439
542
1
438
543
1
436
544
1
435
545
1
433
546
1
432
548
1
431
550
1
431
552
1
431
555
1
431
556
1
430
557
1
428
559
1
426
561
1
425
563
1
422
565
1
420
568
1
418
570
1
416
573
1
414
576
1
412
579
1
411
580
1
409
582
1
407
584
1
405
586
1
404
587
1
403
588
1
402
589
1
400
590
1
399
591
1
397
592
1
396
593
1
394
594
1
392
594
1
389
595
1
387
596
1
385
597
1
382
598
1
378
600
1
377
601
1
375
602
1
373
602
1
372
603
1
370
603
1
367
604
1
366
604
1
364
604
1
363
604
1
360
604
1
358
604
1
356
604
1
354
604
1
352
604
1
349
604
1
345
604
1
344
604
1
342
604
1
341
604
1
340
604
1
338
604
1
336
605
1
336
609
1
336
610
1
338
611
1
340
611
1
342
609
1
345
607
1
348
606
1
349
605
1
347
606
1
345
608
1
343
609
1
342
610
1
345
611
1
348
611
1
352
611
1
355
611
1
359
610
1
362
610
1
365
610
1
369
610
1
373
610
1
376
610
1
378
611
1
381
611
1
383
611
1
385
611
1
386
612
1
387
612
1
388
612
1
390
613
1
391
613
1
393
614
1
395
615
1
396
617
1
398
618
1
399
619
1
401
619
1
404
618
1
405
618
1
407
616
1
407
614
1
406
612
1
404
609
1
403
607
1
403
605
1
403
604
1
403
602
1
404
600
1
407
598
1
408
596
1
411
593
1
412
592
1
413
591
1
415
589
1
417
587
1
419
586
1
421
584
1
423
583
1
425
581
1
428
579
1
430
576
1
432
575
1
434
572
1
435
571
1
436
570
1
437
568
1
439
567
1
440
566
1
442
565
1
443
564
1
445
563
1
447
561
1
448
560
1
449
559
1
450
557
1
450
555
1
451
553
1
451
552
1
451
550
1
451
548
1
451
547
1
450
546
1
450
544
1
449
542
1
449
540
1
449
538
1
449
536
1
449
534
1
449
532
1
449
531
1
449
530
1
450
529
1
452
529
0
451
532
0
447
537
0
444
540
0
443
543
0
450
546
0
489
547
0
502
550
0
504
551
0
504
549
0
502
544
0
501
538
0
500
535
0
498
534
0
498
533
0
497
530
0
496
529
0
496
528
0
497
530
1
497
533
1
499
536
1
499
538
1
500
539
1
501
541
1
503
543
1
505
545
1
507
546
1
508
548
1
510
549
1
511
551
1
512
554
1
514
556
1
515
559
1
516
562
1
517
564
1
517
566
1
518
569
1
519
572
1
520
574
1
520
576
1
521
578
1
522
582
1
523
583
1
525
586
1
525
587
1
526
588
1
526
589
1
526
590
1
526
592
1
526
593
1
526
595
1
525
597
1
523
599
1
521
600
1
520
601
1
518
602
1
517
603
1
514
605
1
511
606
1
509
607
1
507
607
1
506
608
1
507
609
1
509
610
1
513
610
1
517
610
1
520
609
1
523
608
1
524
607
1
526
605
1
528
604
1
531
603
1
533
601
1
535
601
1
536
600
1
538
600
1
539
600
1
541
600
1
543
600
1
544
602
1
546
604
1
547
606
1
550
609
1
551
610
1
553
611
1
554
612
1
556
612
1
557
611
1
559
607
1
559
604
1
558
602
1
556
600
1
553
597
1
551
595
1
549
592
1
546
590
1
544
588
1
542
586
1
540
584
1
537
582
1
535
579
1
534
576
1
532
574
1
530
571
1
529
567
1
527
565
1
526
562
1
525
560
1
523
557
1
522
554
1
520
552
1
519
549
1
518
548
1
518
546
1
517
544
1
517
542
1
516
541
1
516
539
1
515
537
1
514
535
1
513
533
1
513
532
1
512
531
1
512
530
1
511
529
1
511
528
1
511
527
1
509
530
0
507
533
0
505
538
0
504
539
0
502
539
0
501
540
0
500
540
0
499
541
0
499
544
0
499
545
0
499
547
0
499
548
0
500
550
0
501
551
0
501
552
0
