78
208
1
78
211
1
78
215
1
78
219
1
78
223
1
78
228
1
78
233
1
77
242
1
76
250
1
75
256
1
75
262
1
74
268
1
74
274
1
74
278
1
71
293
1
69
306
1
67
317
1
65
326
1
64
335
1
62
345
1
62
353
1
60
359
1
60
367
1
59
375
1
59
381
1
59
389
1
59
395
1
59
401
1
59
406
1
59
410
1
58
415
1
58
417
1
58
419
1
58
421
1
58
423
1
58
424
1
58
425
1
58
427
1
59
427
1
60
428
1
63
430
1
68
432
1
74
434
1
76
435
1
82
435
1
87
436
1
94
436
1
100
438
1
107
438
1
116
441
1
122
442
1
125
442
1
127
442
1
129
439
1
132
435
1
132
431
1
133
427
1
135
421
1
137
415
1
138
409
1
140
405
1
140
401
1
141
398
1
142
393
1
143
388
1
143
382
1
144
375
1
145
369
1
147
364
1
149
356
1
149
353
1
152
349
1
152
344
1
153
338
1
154
332
1
155
327
1
155
321
1
158
317
1
158
312
1
158
309
1
159
306
1
159
307
1
159
310
1
159
315
1
159
319
1
160
324
1
160
326
1
160
328
1
162
330
1
165
332
1
168
334
1
172
337
1
175
338
1
180
338
1
186
338
1
189
338
1
193
338
1
197
337
1
201
334
1
208
327
1
212
323
1
215
317
1
218
312
1
221
306
1
223
301
1
225
295
1
226
287
1
226
284
1
226
277
1
227
267
1
227
259
1
227
250
1
227
241
1
226
232
1
224
226
1
222
220
1
219
214
1
215
209
1
212
206
1
206
203
1
202
202
1
195
200
1
186
200
1
181
199
1
168
199
1
165
199
1
156
199
1
148
199
1
140
199
1
130
200
1
125
200
1
119
200
1
113
201
1
107
201
1
101
201
1
98
201
1
95
203
1
91
203
1
89
204
1
88
204
1
86
207
1
85
208
1
83
209
1
83
210
1
83
211
1
91
215
0
105
222
0
119
229
0
127
232
0
129
232
0
137
233
0
142
234
0
150
235
0
160
237
0
168
239
0
171
241
0
171
242
0
172
243
0
173
245
0
174
247
0
174
248
0
174
250
0
173
251
0
172
251
1
167
251
1
164
249
1
159
248
1
157
248
1
153
248
1
150
249
1
150
251
1
150
254
1
150
258
1
151
260
1
154
263
1
159
266
1
165
266
1
170
266
1
173
264
1
176
260
1
178
255
1
178
250
1
178
248
1
178
247
1
177
247
1
173
247
1
165
245
1
161
245
1
160
245
1
158
245
0
156
245
0
156
247
0
178
265
0
187
279
0
192
290
0
194
294
0
196
296
0
201
296
0
221
296
0
247
296
0
267
296
0
273
296
0
270
296
0
261
293
0
259
293
0
256
291
0
254
291
0
249
300
0
236
314
0
227
322
0
224
325
0
221
325
0
220
325
0
218
325
0
209
327
0
195
333
0
180
336
0
181
337
0
182
337
0
184
339
0
186
339
0
187
339
0
192
339
0
199
340
0
201
340
0
201
339
0
202
339
0
202
337
0
202
336
0
201
335
0
199
334
0
198
333
0
197
333
0
194
333
0
191
333
0
191
334
0
193
335
0
193
336
0
193
337
0
193
338
1
193
339
1
193
341
1
193
344
1
193
347
1
193
350
1
192
353
1
192
357
1
192
360
1
192
365
1
192
368
1
192
371
1
191
374
1
191
376
1
191
379
1
191
382
1
191
385
1
191
387
1
191
388
1
191
389
1
190
391
1
190
393
1
190
396
1
189
398
1
189
399
1
189
400
1
189
401
1
189
402
1
189
403
1
189
405
1
187
405
1
187
406
1
187
407
1
187
410
1
187
413
1
187
414
1
186
418
1
186
421
1
185
424
1
185
426
1
185
428
1
184
431
1
184
432
1
184
435
1
183
437
1
183
439
1
183
441
1
181
444
1
180
446
1
184
448
1
191
451
1
200
454
1
204
455
1
207
455
1
210
456
1
211
456
1
212
456
1
213
456
1
214
453
1
214
450
1
215
447
1
215
446
1
215
445
1
216
444
1
216
443
1
217
441
1
217
438
1
218
436
1
218
434
1
218
433
1
219
432
1
219
430
1
220
427
1
221
424
1
224
419
1
224
416
1
225
413
1
225
411
1
226
410
1
226
409
1
226
408
1
226
407
1
227
407
1
227
406
1
227
405
1
227
404
1
227
403
1
227
402
1
228
401
1
231
400
1
234
398
1
235
397
1
238
397
1
240
396
1
242
396
1
243
396
1
244
396
1
245
396
1
245
397
1
247
397
1
248
400
1
250
403
1
252
405
1
253
409
1
253
412
1
254
416
1
254
419
1
254
422
1
254
426
1
254
429
1
254
435
1
254
440
1
254
442
1
254
445
1
254
446
1
254
449
1
253
452
1
253
454
1
253
456
1
253
458
1
253
460
1
253
463
1
253
465
1
252
466
1
252
467
1
254
467
1
259
467
1
263
467
1
266
467
1
267
467
1
270
467
1
272
467
1
274
467
1
277
467
1
278
467
1
279
467
1
280
467
1
283
467
1
284
467
1
284
466
1
285
465
1
285
462
1
286
457
1
289
452
1
291
446
1
292
440
1
294
436
1
297
430
1
298
425
1
300
417
1
300
412
1
300
406
1
302
401
1
302
396
1
302
390
1
302
386
1
301
381
1
300
377
1
300
373
1
299
371
1
297
369
1
296
366
1
292
363
1
286
360
1
283
357
1
281
356
1
277
355
1
270
352
1
263
351
1
257
351
1
251
351
1
248
351
1
247
351
1
246
351
1
244
351
1
242
351
1
240
352
1
238
354
1
235
357
1
233
358
1
233
360
1
230
361
1
230
359
1
230
356
1
230
353
1
230
349
1
230
343
1
231
335
1
231
329
1
233
323
1
234
316
1
236
309
1
236
305
1
236
298
1
236
293
1
237
288
1
239
282
1
241
271
1
244
262
1
244
256
1
245
253
1
246
250
1
246
248
1
247
245
1
247
240
1
249
234
1
249
229
1
249
228
1
249
225
1
249
224
1
249
223
1
247
221
1
244
219
1
242
219
1
239
219
1
235
219
1
233
219
1
230
221
1
224
222
1
223
222
1
221
223
1
220
224
1
219
224
1
218
224
1
217
224
1
216
224
1
217
225
0
227
228
0
240
237
0
265
255
0
292
278
0
315
305
0
322
331
0
322
349
0
323
358
0
323
363
0
323
365
0
322
368
0
320
376
0
319
385
0
319
396
0
318
403
0
318
406
0
318
408
0
319
407
0
321
404
0
323
403
0
328
401
0
332
399
0
337
397
0
341
394
0
343
392
0
345
391
0
345
389
0
346
389
0
346
387
0
346
386
0
346
384
0
346
383
0
346
382
1
345
381
1
342
381
1
339
380
1
337
380
1
336
380
1
334
380
1
329
380
1
325
380
1
320
380
1
311
381
1
305
381
1
302
383
1
302
384
1
301
384
1
301
385
1
298
386
1
297
386
1
297
387
0
297
389
0
297
393
0
297
400
0
295
407
0
295
415
0
292
424
0
289
429
0
288
431
0
288
432
0
288
434
0
288
435
0
288
437
0
286
439
0
284
443
0
282
447
0
282
449
0
281
451
0
281
453
0
281
455
0
281
456
0
281
459
0
283
461
0
283
462
0
284
462
0
285
460
0
287
459
0
288
461
1
288
463
1
291
465
1
294
467
1
299
468
1
302
468
1
304
468
1
306
468
1
309
468
1
312
468
1
315
468
1
317
468
1
318
468
1
321
468
1
326
466
1
330
466
1
335
466
1
337
466
1
340
465
1
343
463
1
347
462
1
350
461
1
352
459
1
352
457
1
355
454
1
356
450
1
360
443
1
360
440
1
360
437
1
360
434
1
360
431
1
362
427
1
362
422
1
362
414
1
362
411
1
361
407
1
361
404
1
360
401
1
360
397
1
359
395
1
358
393
1
358
392
1
357
389
1
355
389
1
353
386
1
352
385
1
352
383
1
351
383
1
349
382
1
348
382
1
347
382
1
346
382
1
343
382
1
340
382
1
338
382
0
337
385
0
336
388
0
336
394
0
335
400
0
330
410
0
323
417
0
317
420
0
316
423
0
317
423
0
319
423
0
322
423
0
324
423
0
326
423
0
328
422
0
328
421
0
328
420
0
328
419
1
328
418
1
325
418
1
323
418
1
318
418
1
317
418
1
317
419
1
316
421
1
316
423
1
316
426
1
316
427
1
316
428
1
318
429
1
320
430
1
323
430
1
325
429
1
326
428
1
326
427
1
326
426
1
328
424
1
329
423
1
329
420
1
329
419
1
329
418
1
329
416
1
328
416
1
325
417
0
325
420
0
327
423
0
333
426
0
344
429
0
359
429
0
367
429
0
369
429
0
369
428
0
369
426
0
367
425
0
367
423
0
366
423
0
363
421
0
360
421
0
356
421
0
355
421
0
356
423
0
357
424
0
358
424
0
359
424
0
360
425
0
362
425
0
364
426
0
369
427
1
385
428
1
391
428
1
394
428
1
397
428
1
399
429
1
402
429
1
403
429
1
405
429
1
408
429
1
410
429
1
412
429
1
413
429
1
414
428
1
415
427
1
415
425
1
415
423
1
417
421
1
417
419
1
417
416
1
418
413
1
418
411
1
418
409
1
418
407
1
418
403
1
417
400
1
416
397
1
416
396
1
415
396
1
415
395
1
414
395
1
413
393
1
407
390
1
403
389
1
402
389
1
397
388
1
394
388
1
389
387
1
384
387
1
381
387
1
379
387
1
377
387
1
376
387
1
375
387
1
372
387
1
371
387
1
369
388
1
367
391
1
366
392
1
365
393
1
364
394
1
363
394
1
362
394
1
362
395
1
361
396
1
360
396
1
360
397
1
359
398
1
359
399
1
359
400
1
358
404
0
355
412
0
350
421
0
350
428
0
351
434
0
351
438
0
351
442
0
351
444
0
351
446
0
350
450
0
350
454
0
350
458
0
350
459
0
350
460
0
351
460
0
351
462
0
351
463
1
352
464
1
355
466
1
359
469
1
367
474
1
373
477
1
379
480
1
385
483
1
393
483
1
399
483
1
400
483
1
403
483
1
406
483
1
411
478
1
413
477
1
414
475
1
415
473
1
415
472
1
415
471
1
415
470
1
415
467
1
415
466
1
415
464
1
415
463
1
415
461
1
415
460
1
415
459
1
415
458
1
415
457
1
415
456
1
413
455
1
413
454
1
412
452
1
410
449
1
410
448
1
409
448
1
406
449
1
405
450
1
404
450
1
403
452
1
400
453
1
398
454
1
396
456
1
394
456
1
393
456
1
392
456
1
391
456
1
390
456
1
390
457
1
388
457
1
386
457
1
383
456
1
382
456
1
381
455
1
380
455
1
380
453
1
379
453
1
379
451
1
379
450
1
377
449
1
377
447
1
377
445
1
377
443
1
377
441
1
376
439
1
376
437
1
376
435
1
376
432
1
375
429
1
375
427
1
375
424
1
375
423
1
375
421
0
377
418
0
381
414
0
382
412
0
383
412
0
384
411
0
386
411
0
389
411
1
392
411
1
395
412
1
398
412
1
401
412
1
402
412
1
404
411
1
404
410
1
404
409
1
404
407
1
404
406
1
404
405
1
403
405
1
400
405
1
397
405
1
396
405
1
396
407
1
395
408
1
395
409
1
394
411
1
394
412
1
395
412
0
398
413
0
402
413
0
416
420
0
427
426
0
433
427
0
435
425
0
437
420
0
443
406
0
447
392
0
450
383
0
450
372
0
450
367
0
444
361
0
429
349
0
425
345
0
425
342
0
426
338
0
430
335
0
434
332
0
443
329
0
446
326
0
448
323
0
449
321
0
450
318
0
450
315
0
450
311
0
448
304
0
446
301
0
444
297
0
441
294
0
440
292
0
437
287
0
432
283
0
431
283
0
431
284
1
430
287
1
429
290
1
427
299
1
425
307
1
423
316
1
421
326
1
419
335
1
418
346
1
417
356
1
417
364
1
417
375
1
416
387
1
416
396
1
415
405
1
415
413
1
415
422
1
414
430
1
414
439
1
414
444
1
414
453
1
413
459
1
413
464
1
413
469
1
413
473
1
413
476
1
413
480
1
413
483
1
413
487
1
413
489
1
413
490
1
413
491
1
413
492
1
413
493
1
414
493
1
415
494
1
417
494
1
422
494
1
426
496
1
431
496
1
434
496
1
437
496
1
440
496
1
443
496
1
446
496
1
450
497
1
454
498
1
459
498
1
463
499
1
468
499
1
471
500
1
474
500
1
480
500
1
484
501
1
489
501
1
494
501
1
501
501
1
506
501
1
508
501
1
511
500
1
514
498
1
518
494
1
522
489
1
524
484
1
526
478
1
526
473
1
526
466
1
526
462
1
526
457
1
522
450
1
514
442
1
509
439
1
503
433
1
497
430
1
491
428
1
488
428
1
484
428
1
478
428
1
475
428
1
472
428
1
469
428
1
466
429
1
462
432
1
459
433
1
457
433
1
454
436
1
451
438
1
449
439
1
449
437
1
449
428
1
449
418
1
449
412
1
449
402
1
449
396
1
449
390
1
449
384
1
449
380
1
449
376
1
449
372
1
449
365
1
450
355
1
451
346
1
451
339
1
451
335
1
452
331
1
452
327
1
452
324
1
453
321
1
453
317
1
453
311
1
454
303
1
454
297
1
454
292
1
454
288
1
454
284
1
454
281
1
454
279
1
454
277
1
453
275
1
449
275
1
445
276
1
436
279
1
430
280
1
428
282
1
427
284
1
427
285
0
427
288
0
429
291
0
433
298
0
441
311
0
456
340
0
470
380
0
474
420
0
476
447
0
481
513
0
486
571
0
491
591
0
491
595
0
491
594
0
491
593
0
491
592
0
487
591
0
475
588
0
449
584
0
442
584
0
450
584
0
459
586
0
473
586
0
480
586
0
483
586
0
484
586
0
484
585
0
498
585
0
521
582
0
533
574
0
529
557
0
505
534
0
489
519
0
482
514
0
481
514
0
479
511
0
473
508
0
462
502
0
459
498
0
459
497
0
459
494
0
461
494
0
466
491
0
474
487
0
481
481
0
484
477
0
485
474
0
488
471
0
489
468
0
491
466
0
496
463
0
499
461
0
497
461
0
495
461
0
495
460
0
493
459
1
490
458
1
489
457
1
488
457
1
487
457
1
486
457
1
484
457
1
481
457
1
478
458
1
478
459
1
477
461
1
477
465
1
477
467
1
477
468
1
481
468
1
484
468
1
486
468
1
488
468
1
490
467
1
491
465
1
492
464
1
492
463
1
492
461
1
491
460
1
490
459
1
489
459
1
488
459
0
488
460
0
488
461
0
489
464
0
492
467
0
497
470
0
507
473
0
518
473
0
524
473
0
525
473
0
527
471
0
529
465
0
533
458
0
535
453
0
535
450
0
535
449
0
533
449
0
532
449
0
531
449
0
531
452
0
531
453
0
531
454
0
531
456
0
531
460
0
531
463
0
531
465
0
531
466
0
531
467
0
539
467
1
551
467
1
557
467
1
560
467
1
561
467
1
562
467
1
562
466
1
563
466
1
563
465
1
564
465
1
565
465
1
566
465
1
566
464
1
568
464
1
568
462
1
568
459
1
568
457
1
567
453
1
563
450
1
559
446
1
555
442
1
553
440
1
548
436
1
542
433
1
536
430
1
530
429
1
525
427
1
521
426
1
518
426
1
514
426
1
511
427
1
508
430
1
505
433
1
503
434
1
502
436
1
502
439
1
502
440
1
502
442
1
509
448
0
520
460
0
525
474
0
524
487
0
520
498
0
518
502
0
516
502
0
515
503
0
513
506
0
510
508
0
508
511
0
506
509
0
503
507
0
500
504
0
499
503
0
499
502
1
499
505
1
501
510
1
506
519
1
513
528
1
521
535
1
527
541
1
531
543
1
532
544
1
536
544
1
546
544
1
556
544
1
563
544
1
565
544
1
567
542
1
571
539
1
575
533
1
578
529
1
580
524
1
580
519
1
580
515
1
580
512
1
580
510
1
580
507
1
580
503
1
580
500
1
579
499
1
578
499
1
576
499
1
574
499
1
570
499
1
565
499
1
559
499
1
555
499
1
551
498
1
547
496
1
544
495
1
541
493
1
538
490
1
536
488
1
536
487
1
536
485
1
536
483
1
536
481
1
536
479
1
535
477
1
535
476
1
535
473
1
535
471
1
535
469
1
535
468
1
535
467
1
535
465
0
535
462
0
535
460
0
535
457
0
535
456
0
535
455
0
536
454
0
536
453
0
536
451
0
537
451
0
540
451
0
542
450
0
544
450
0
545
449
0
546
449
0
545
449
1
541
449
1
539
449
1
538
450
1
538
451
1
538
454
1
539
457
1
541
458
1
542
458
1
543
458
1
545
457
1
545
456
1
545
453
1
543
451
1
539
449
1
535
447
0
533
447
0
532
447
0
531
447
0
530
447
0
524
447
0
505
460
0
466
487
0
426
523
0
396
553
0
379
567
0
374
571
0
371
577
0
365
587
0
357
599
0
339
620
0
333
629
0
329
639
0
329
634
0
326
623
0
311
605
0
306
595
0
309
585
0
317
576
0
331
566
0
352
559
0
372
549
0
383
539
0
385
535
0
385
532
0
384
527
0
383
526
0
383
525
0
382
524
0
382
522
0
382
521
0
381
521
0
379
523
0
378
525
0
376
527
0
374
530
0
373
530
0
369
530
0
364
530
0
360
530
0
359
530
0
358
530
0
364
530
1
384
530
1
410
530
1
425
530
1
430
530
1
433
530
1
437
528
1
440
528
1
441
528
1
441
532
1
439
537
1
437
545
1
434
555
1
433
567
1
430
582
1
428
597
1
427
605
1
425
619
1
424
630
1
422
640
1
422
652
1
421
665
1
420
675
1
419
682
1
419
690
1
419
697
1
419
699
1
419
700
1
418
700
1
416
694
1
414
689
1
411
686
1
410
680
1
407
674
1
405
666
1
402
657
1
400
648
1
399
642
1
398
636
1
396
631
1
395
625
1
392
618
1
389
610
1
386
602
1
386
597
1
382
588
1
379
579
1
376
570
1
376
565
1
375
559
1
375
556
1
374
554
1
374
552
1
373
549
1
373
546
1
373
544
1
373
542
1
373
539
1
372
539
1
372
538
1
372
537
1
372
536
1
372
550
0
376
589
0
385
672
0
394
740
0
395
774
0
395
779
0
395
778
0
395
777
0
396
777
0
398
778
0
399
779
0
402
775
0
407
770
0
410
764
0
410
760
0
413
757
0
416
754
0
418
751
0
422
748
0
426
745
0
433
741
0
434
739
0
436
738
0
436
735
1
434
732
1
429
729
1
425
729
1
422
729
1
417
732
1
414
733
1
412
737
1
409
743
1
407
751
1
405
752
1
405
758
1
406
761
1
409
762
1
418
762
1
429
760
1
436
760
1
437
760
1
439
756
1
441
753
1
442
749
1
442
744
1
442
740
1
440
737
1
433
731
1
422
728
1
419
727
1
419
730
1
410
730
0
415
731
0
419
731
0
419
733
0
423
730
0
426
729
0
425
728
0
416
727
0
409
727
0
400
727
0
396
725
0
386
725
0
376
725
0
356
724
0
336
722
0
326
722
0
316
722
0
302
724
0
293
725
0
287
726
0
285
726
0
282
728
0
279
728
0
278
728
0
277
728
0
276
728
0
275
728
0
274
728
0
273
729
0
272
729
0
271
729
0
270
729
0
268
729
0
269
729
0
292
717
0
337
706
0
412
682
0
478
654
0
544
615
0
604
570
0
640
529
0
651
504
0
651
487
0
649
476
0
648
469
0
647
464
0
647
461
0
647
455
0
647
447
0
647
433
0
647
415
0
647
396
0
642
380
0
641
373
0
636
361
0
635
359
0
634
359
0
632
361
0
627
372
0
624
387
0
624
402
0
624
424
0
634
447
0
652
462
0
675
474
0
706
486
0
725
494
0
731
499
0
731
502
0
731
504
0
730
507
0
729
510
0
727
513
0
725
517
0
724
518
0
724
504
0
710
439
0
698
370
0
689
309
0
687
289
0
687
285
0
686
284
0
686
280
0
695
265
0
721
237
0
758
205
0
788
186
0
799
178
0
798
148
0
769
113
0
744
80
0
728
55
0
718
38
0
712
34
0
711
33
0
710
31
0
707
28
0
706
27
0
703
23
0
702
22
0
701
22
0
701
24
0
701
31
0
701
33
0
701
35
0
701
36
0
701
37
0
701
40
0
699
45
0
698
49
0
697
52
0
696
57
0
695
62
0
694
65
0
693
69
0
693
70
0
693
73
0
693
77
0
693
81
0
693
85
0
693
86
0
693
88
0
693
89
0
693
90
0
693
92
0
693
93
0
694
93
0
