107
205
1
106
205
1
103
205
1
99
206
1
95
206
1
93
207
1
90
207
1
87
207
1
83
207
1
79
207
1
76
207
1
72
207
1
69
207
1
63
209
1
59
209
1
56
210
1
51
211
1
47
211
1
44
212
1
41
213
1
38
213
1
34
214
1
32
214
1
30
215
1
28
216
1
25
217
1
22
218
1
20
220
1
18
221
1
17
222
1
15
224
1
12
226
1
10
227
1
8
229
1
6
231
1
5
233
1
3
234
1
3
235
1
3
236
1
3
237
1
3
240
1
4
243
1
6
245
1
8
247
1
9
248
1
11
250
1
11
251
1
11
254
1
11
258
1
11
262
1
11
264
1
11
267
1
11
270
1
11
273
1
11
276
1
12
277
1
12
278
1
14
280
1
17
283
1
20
284
1
25
286
1
30
288
1
35
290
1
39
291
1
43
292
1
49
293
1
56
294
1
63
294
1
69
294
1
75
294
1
82
295
1
88
297
1
93
298
1
97
298
1
101
299
1
105
300
1
110
301
1
116
301
1
120
301
1
123
301
1
132
301
1
138
301
1
146
301
1
152
302
1
158
302
1
162
303
1
168
304
1
177
305
1
183
305
1
189
305
1
192
306
1
197
306
1
203
306
1
221
306
1
238
304
1
245
304
1
253
304
1
256
304
1
265
305
1
276
307
1
285
308
1
298
308
1
314
308
1
328
308
1
339
308
1
348
307
1
356
306
1
367
306
1
378
305
1
386
304
1
395
303
1
407
301
1
417
300
1
424
299
1
431
298
1
435
297
1
438
296
1
443
294
1
447
292
1
452
290
1
459
287
1
465
285
1
471
284
1
477
282
1
483
281
1
489
280
1
496
279
1
499
279
1
505
279
1
509
279
1
511
279
1
512
279
1
512
275
1
513
269
1
514
264
1
515
258
1
516
252
1
517
244
1
518
238
1
519
230
1
521
224
1
521
219
1
522
214
1
523
211
1
523
209
1
525
200
0
525
196
0
514
200
0
506
205
0
497
210
0
487
213
0
472
216
0
463
216
0
455
216
0
449
216
0
447
216
0
444
216
0
441
220
0
438
223
0
436
225
0
435
225
0
434
225
0
432
225
0
431
225
0
432
225
1
436
225
1
442
225
1
447
224
1
451
223
1
454
222
1
459
222
1
465
221
1
472
220
1
477
219
1
483
218
1
489
217
1
494
216
1
500
215
1
504
214
1
508
213
1
512
211
1
515
210
1
519
207
1
521
206
1
524
203
1
526
202
1
527
200
1
528
198
1
530
196
1
531
194
1
532
191
1
532
189
1
532
187
1
532
185
1
531
184
1
529
182
1
528
180
1
526
179
1
525
177
1
524
175
1
523
175
1
521
176
1
518
179
1
514
182
1
510
184
1
505
187
1
500
191
1
493
194
1
487
198
1
481
201
1
475
203
1
469
206
1
462
209
1
457
212
1
452
214
1
448
216
1
444
218
1
440
220
1
437
222
1
434
223
1
431
225
1
430
226
1
428
227
1
427
227
1
427
225
0
428
221
0
430
219
0
433
220
0
435
224
0
436
225
0
442
224
0
448
220
0
451
217
0
453
215
0
455
214
0
456
213
0
457
213
0
458
213
0
460
213
0
458
215
1
458
218
1
458
219
1
458
221
1
459
224
1
466
209
0
480
199
0
493
190
0
500
186
0
509
182
0
515
179
0
519
178
0
521
178
0
523
177
0
523
176
1
523
173
1
523
171
1
523
168
1
522
166
1
522
163
1
522
162
1
521
162
1
516
162
1
512
162
1
509
162
1
506
162
1
501
163
1
498
164
1
497
164
1
497
166
1
496
169
1
496
171
1
497
171
1
502
171
1
505
171
1
506
171
1
506
173
1
506
176
1
505
179
1
504
183
1
503
185
1
503
186
1
502
186
1
502
187
1
502
188
1
502
181
0
499
178
0
494
179
0
487
181
0
461
191
0
387
197
0
241
202
0
158
201
0
113
189
0
91
183
0
64
185
0
40
202
0
29
217
0
23
225
0
21
231
0
17
236
0
14
238
0
7
239
0
5
240
0
2
240
0
3
240
0
4
240
0
7
241
1
10
243
1
14
245
1
16
247
1
19
248
1
22
249
1
24
251
1
27
252
1
30
254
1
36
255
1
44
257
1
52
258
1
58
258
1
64
258
1
70
258
1
77
258
1
82
258
1
87
258
1
93
259
1
99
259
1
104
259
1
110
260
1
114
260
1
118
260
1
122
260
1
125
260
1
129
260
1
132
260
1
136
260
1
139
260
1
148
259
1
154
259
1
159
259
1
162
259
1
169
259
1
174
259
1
181
258
1
187
258
1
190
258
1
197
258
1
205
258
1
213
257
1
217
257
1
223
256
1
228
256
1
236
255
1
242
255
1
245
255
1
247
255
1
249
254
1
254
254
1
257
254
1
261
254
1
264
253
1
269
253
1
279
253
1
289
252
1
291
252
1
293
252
1
297
251
1
308
250
1
324
248
1
334
246
1
338
245
1
340
245
1
347
243
1
350
243
1
357
241
1
367
239
1
375
238
1
382
236
1
399
232
1
423
226
1
436
222
1
449
218
1
462
214
1
472
210
1
479
207
1
487
203
1
493
201
1
501
198
1
507
195
1
511
193
1
513
191
1
517
189
1
520
187
1
524
185
1
528
183
1
530
180
1
520
177
0
474
188
0
401
206
0
349
214
0
308
214
0
306
215
0
308
213
0
309
210
0
307
208
0
277
208
0
212
214
0
134
223
0
77
229
0
50
225
0
40
221
0
37
219
0
53
213
0
89
209
0
105
208
0
108
211
0
104
216
0
103
216
0
115
209
0
122
203
0
121
212
0
116
234
0
115
243
0
115
247
0
115
249
0
113
250
0
111
254
0
107
253
0
87
251
0
70
249
0
60
247
0
59
247
0
67
247
0
73
248
0
76
249
0
77
249
0
75
249
0
71
249
0
70
249
0
83
244
0
92
238
0
90
239
0
83
243
0
95
245
0
105
248
0
109
248
0
111
249
0
112
250
0
113
249
0
113
248
1
113
242
1
113
237
1
113
232
1
113
226
1
113
222
1
113
216
1
113
212
1
113
207
1
114
203
1
115
198
1
116
192
1
117
188
1
118
184
1
119
181
1
121
177
1
122
174
1
120
172
1
119
171
1
118
170
1
118
168
1
119
167
1
125
164
1
132
162
1
138
160
1
145
158
1
150
156
1
153
155
1
156
154
1
158
154
1
159
155
1
159
156
1
156
160
1
154
161
1
154
162
1
153
162
1
153
163
1
156
171
1
158
176
1
160
181
1
162
186
1
163
190
1
163
194
1
164
199
1
165
203
1
165
208
1
165
212
1
165
216
1
165
220
1
165
223
1
165
228
1
165
231
1
165
233
1
166
233
1
171
233
1
172
234
1
174
238
1
174
240
1
174
244
1
174
245
1
170
245
1
165
245
1
162
245
1
161
245
1
162
240
1
162
234
1
163
229
1
163
224
1
163
219
1
162
214
1
161
210
1
160
205
1
159
199
1
158
195
1
156
191
1
155
187
1
154
184
1
152
181
1
150
178
1
148
176
1
147
174
1
145
171
1
143
169
1
142
169
1
140
169
1
136
169
1
134
169
1
133
169
1
132
169
1
132
170
1
130
172
1
127
177
1
126
180
1
124
183
1
122
186
1
121
189
1
120
192
1
118
196
1
117
201
1
116
204
1
116
208
1
115
212
1
115
217
1
115
220
1
115
223
1
115
226
1
115
229
1
116
232
1
117
235
1
118
238
1
118
241
1
119
243
1
119
245
1
119
248
1
120
250
1
120
252
1
120
253
1
118
252
1
114
251
1
113
251
1
112
251
1
110
250
1
107
249
1
102
247
1
95
246
1
91
245
1
87
244
1
83
244
1
80
244
1
79
244
1
79
243
1
82
242
1
89
237
1
91
236
1
92
235
1
93
238
1
94
241
1
97
245
1
98
246
1
99
246
1
103
246
1
107
245
1
112
242
1
113
241
1
114
241
1
115
239
0
120
239
0
124
240
0
123
242
0
122
243
0
121
243
1
120
242
1
120
241
1
119
241
1
123
239
1
128
236
1
130
233
1
131
230
1
132
227
1
132
222
1
132
219
1
132
216
1
132
215
1
136
213
1
141
210
1
145
208
1
148
205
1
149
205
1
150
204
1
152
204
1
155
205
1
157
205
1
158
205
1
161
208
0
164
208
0
165
209
0
166
209
0
168
209
0
168
208
0
169
207
0
168
206
1
167
206
1
166
205
1
165
205
1
168
205
1
173
205
1
176
205
1
180
205
1
183
205
1
187
204
1
191
204
1
194
204
1
197
204
1
200
204
1
203
204
1
207
204
1
209
204
1
211
204
1
212
204
1
214
203
1
216
203
1
211
202
0
200
203
0
200
204
0
232
211
0
204
231
0
194
242
0
175
247
0
158
247
0
144
247
0
135
247
0
128
247
0
125
247
0
123
248
0
122
248
0
121
249
0
121
250
0
123
251
1
124
251
1
128
251
1
132
251
1
135
251
1
138
251
1
141
251
1
144
251
1
149
251
1
153
251
1
158
251
1
165
251
1
173
251
1
179
251
1
185
251
1
190
251
1
195
251
1
198
251
1
201
251
1
204
250
1
208
249
1
210
249
1
211
248
1
213
247
1
214
246
1
216
245
1
218
243
1
219
242
1
221
239
1
222
238
1
223
236
1
224
235
1
224
234
1
227
233
1
231
233
1
233
233
1
235
232
1
238
231
1
242
230
1
246
230
1
252
229
1
256
229
1
261
229
1
265
228
1
269
228
1
274
228
1
278
226
1
285
225
1
288
224
1
296
224
1
301
223
1
311
221
1
317
220
1
325
220
1
329
219
1
336
218
1
340
217
1
345
216
1
348
216
1
350
215
1
352
215
1
354
215
1
355
215
1
355
214
1
359
210
1
361
208
1
364
205
1
366
203
1
370
200
1
372
199
1
376
196
1
378
195
1
380
194
1
380
193
1
381
193
1
381
192
1
382
191
1
383
191
1
383
188
1
383
184
1
383
181
1
383
178
1
383
175
1
383
172
1
383
168
1
383
163
1
382
158
1
381
153
1
380
149
1
380
145
1
379
141
1
379
136
1
379
132
1
378
126
1
378
123
1
378
119
1
377
116
1
376
114
1
376
110
1
375
107
1
375
105
1
376
103
1
381
100
1
383
99
1
384
98
1
386
97
1
384
96
1
378
95
1
371
95
1
366
95
1
360
95
1
354
95
1
349
95
1
342
95
1
337
95
1
331
95
1
326
95
1
321
95
1
316
95
1
313
95
1
309
95
1
304
95
1
300
94
1
297
94
1
294
94
1
292
94
1
290
94
1
289
94
1
285
94
1
283
94
1
278
94
1
274
94
1
270
94
1
266
94
1
261
94
1
258
94
1
256
94
1
254
94
1
251
94
1
248
94
1
246
95
1
243
95
1
241
96
1
237
98
1
234
99
1
231
100
1
227
102
1
223
105
1
220
107
1
217
108
1
214
110
1
212
112
1
209
115
1
207
116
1
205
118
1
204
119
1
204
120
1
203
120
1
206
122
1
209
123
1
212
126
1
213
128
1
214
132
1
215
136
1
215
138
1
216
142
1
216
148
1
216
153
1
216
161
1
216
165
1
216
170
1
216
177
1
216
181
1
215
187
1
215
191
1
215
197
1
215
202
1
214
207
1
214
211
1
214
213
1
214
218
1
214
220
1
214
223
1
213
226
1
212
230
1
212
234
1
211
238
1
211
240
1
211
242
1
210
244
1
210
245
1
210
247
1
209
248
1
209
249
1
209
250
1
204
248
0
204
240
0
213
228
0
223
213
0
231
206
0
249
197
0
261
195
0
283
192
0
338
188
0
355
239
0
356
255
0
368
242
0
380
228
0
386
216
0
387
205
0
387
199
0
381
196
0
378
191
0
377
190
0
378
187
0
380
186
0
381
186
0
382
185
0
382
183
0
383
182
0
384
181
0
386
181
1
391
181
1
395
181
1
398
181
1
401
181
1
406
181
1
410
180
1
415
180
1
420
180
1
426
179
1
431
179
1
436
178
1
442
178
1
447
177
1
453
176
1
458
176
1
463
176
1
469
175
1
474
175
1
478
175
1
481
174
1
482
174
1
486
174
1
488
173
1
490
173
1
491
173
1
492
172
1
493
172
1
495
172
1
497
172
1
499
172
1
501
172
1
503
172
1
504
172
1
503
172
1
498
174
1
493
176
1
488
178
1
484
179
1
478
181
1
473
184
1
469
185
1
463
188
1
457
191
1
451
194
1
446
197
1
440
199
1
435
201
1
430
204
1
425
206
1
420
207
1
414
209
1
406
212
1
399
213
1
393
215
1
385
217
1
380
218
1
373
220
1
368
221
1
363
222
1
358
223
1
353
224
1
349
225
1
345
225
1
342
226
1
338
227
1
334
228
1
328
229
1
323
231
1
320
232
1
316
233
1
312
233
1
309
234
1
305
235
1
299
237
1
291
238
1
284
239
1
280
239
1
275
240
1
271
241
1
266
242
1
261
243
1
256
244
1
253
245
1
249
245
1
246
246
1
242
247
1
238
247
1
236
248
1
234
248
1
232
248
1
230
248
1
227
248
1
224
249
1
222
249
1
219
249
1
217
249
1
214
250
1
212
250
1
210
250
1
208
250
1
207
250
1
205
250
1
204
251
1
201
247
0
200
246
0
206
246
0
243
247
0
258
244
0
122
249
0
126
239
0
131
235
0
136
234
0
138
235
0
139
237
0
141
238
0
143
236
0
143
233
0
140
231
0
138
231
0
136
231
0
133
230
0
132
230
0
131
229
0
131
228
0
130
227
0
129
227
1
131
227
1
134
228
1
136
228
1
139
229
1
141
229
1
144
229
1
146
229
1
152
227
1
155
225
1
156
225
1
157
224
1
159
224
1
160
223
1
161
223
1
159
226
0
162
227
0
165
227
0
168
227
0
169
226
0
168
226
0
167
226
0
166
224
1
166
223
1
172
224
1
176
225
1
181
225
1
186
225
1
191
226
1
195
226
1
200
226
1
205
226
1
209
226
1
212
226
1
215
226
1
216
226
1
213
225
0
196
226
0
164
236
0
152
238
0
146
238
0
145
235
0
141
235
0
141
232
0
142
232
1
142
234
1
142
237
1
142
242
1
142
244
1
142
246
1
142
247
1
140
248
1
137
250
1
136
251
1
135
252
1
137
250
0
140
248
0
141
247
1
144
247
1
149
247
1
155
247
1
159
247
1
165
248
1
170
248
1
176
249
1
182
249
1
187
250
1
192
250
1
197
250
1
200
250
1
203
250
1
206
250
1
207
250
1
208
249
1
209
249
1
211
249
1
207
248
0
205
243
0
199
240
0
192
240
0
190
239
0
204
227
0
262
189
0
265
180
0
260
172
0
267
164
0
258
159
0
254
153
0
251
149
0
247
142
0
247
141
0
247
140
0
247
139
1
246
136
1
245
135
1
245
133
1
243
132
1
242
131
1
241
130
1
240
130
1
238
130
1
237
130
1
235
130
1
234
131
1
233
132
1
232
134
1
230
136
1
230
137
1
229
139
1
229
140
1
229
141
1
229
143
1
229
144
1
230
145
1
231
147
1
232
148
1
233
148
1
234
148
1
235
149
1
237
149
1
238
149
1
239
149
1
240
148
1
242
147
1
242
146
1
243
145
1
244
144
1
244
143
1
245
141
1
245
139
1
245
138
0
235
130
0
228
127
0
221
121
0
213
116
0
210
115
0
207
115
0
206
117
0
206
118
0
205
119
1
204
120
1
207
121
1
211
122
1
214
122
1
217
123
1
220
123
1
224
123
1
226
123
1
229
123
1
232
122
1
235
122
1
239
122
1
243
122
1
249
122
1
255
122
1
259
122
1
265
122
1
270
122
1
276
122
1
282
122
1
289
122
1
295
121
1
301
120
1
305
119
1
310
119
1
314
118
1
316
118
1
319
118
1
323
118
1
326
118
1
329
118
1
332
117
1
335
116
1
338
116
1
340
116
1
343
115
1
346
115
1
349
114
1
352
113
1
356
111
1
359
110
1
362
109
1
365
108
1
368
106
1
370
106
1
373
105
1
376
103
1
380
101
1
382
100
1
381
100
1
368
102
0
343
117
0
323
124
0
312
126
0
314
126
0
323
123
0
329
120
0
332
119
0
334
118
0
335
118
0
337
117
1
337
121
1
338
128
1
338
131
1
338
134
1
338
136
1
338
141
1
338
145
1
338
148
1
338
153
1
338
156
1
338
160
1
338
164
1
338
170
1
338
173
1
339
177
1
339
180
1
339
185
1
339
187
1
339
191
1
339
196
1
340
199
1
340
202
1
341
205
1
342
208
1
342
210
1
343
212
1
343
213
1
343
214
1
343
215
1
341
205
0
326
183
0
313
164
0
312
151
0
320
145
0
324
142
0
325
140
0
325
138
0
325
137
0
325
135
0
327
135
0
329
135
0
330
134
0
331
135
0
331
133
1
330
130
1
329
127
1
328
126
1
326
124
1
324
123
1
321
122
1
318
122
1
314
122
1
309
122
1
305
122
1
300
122
1
295
122
1
291
122
1
286
122
1
282
122
1
277
122
1
273
122
1
271
122
1
267
122
1
264
122
1
261
122
1
258
122
1
256
124
1
254
126
1
252
130
1
251
133
1
251
136
1
251
141
1
250
145
1
250
150
1
250
154
1
250
158
1
250
161
1
250
164
1
250
167
1
250
169
1
251
170
1
251
172
1
251
174
1
252
176
1
252
177
1
252
179
1
252
180
1
253
181
1
253
183
1
254
185
1
255
186
1
256
188
1
259
190
1
262
191
1
266
192
1
270
193
1
275
194
1
280
194
1
285
194
1
290
194
1
297
194
1
303
194
1
309
195
1
313
195
1
317
196
1
320
196
1
322
196
1
324
196
1
326
195
1
328
193
1
329
192
1
330
190
1
331
188
1
333
186
1
334
183
1
335
180
1
335
177
1
335
172
1
335
169
1
335
165
1
335
161
1
335
157
1
335
154
1
335
151
1
334
148
1
333
143
1
332
140
1
332
138
1
332
136
1
331
134
1
331
132
1
328
129
0
322
127
0
315
127
0
310
127
0
307
129
0
304
131
0
300
134
0
296
136
0
296
137
0
296
138
0
295
140
0
295
141
0
295
139
0
296
139
0
297
139
0
300
139
0
297
139
0
295
139
0
295
140
0
294
142
0
294
143
0
294
144
0
293
143
0
293
142
0
292
141
0
293
140
0
294
141
0
294
142
0
295
143
0
296
137
0
297
137
0
298
136
0
297
134
0
296
132
0
296
131
0
296
130
1
295
129
1
294
129
1
290
129
1
286
129
1
283
129
1
282
129
1
279
128
1
277
128
1
276
128
1
274
128
1
272
128
1
270
128
1
268
128
1
265
129
1
263
130
1
261
131
1
261
132
1
259
135
1
259
137
1
258
141
1
257
144
1
257
147
1
257
150
1
256
154
1
256
156
1
256
158
1
256
160
1
256
163
1
256
166
1
256
168
1
256
169
1
256
172
1
256
174
1
257
176
1
258
179
1
260
181
1
262
183
1
264
184
1
266
185
1
270
186
1
273
187
1
276
187
1
279
187
1
280
187
1
282
187
1
286
187
1
289
187
1
294
188
1
296
188
1
300
188
1
303
188
1
306
188
1
308
189
1
311
189
1
313
189
1
316
189
1
318
189
1
320
188
1
321
188
1
322
188
1
324
188
1
325
187
1
326
186
1
328
185
1
329
183
1
330
181
1
331
179
1
331
176
1
331
173
1
331
171
1
331
169
1
331
166
1
331
162
1
331
159
1
330
155
1
329
152
1
328
150
1
327
147
1
327
145
1
326
142
1
325
140
1
325
138
1
325
136
1
324
134
1
324
132
1
324
131
1
323
130
1
321
129
1
319
128
1
317
127
1
315
127
1
313
126
1
311
126
1
307
125
1
303
125
1
299
125
1
295
125
1
293
125
1
290
125
1
287
126
1
275
128
0
272
131
0
276
136
0
285
141
0
291
141
0
294
137
0
294
134
0
294
131
0
294
129
0
289
129
0
287
129
0
288
129
0
289
128
1
293
128
1
296
129
1
297
130
1
298
134
1
298
140
1
298
144
1
298
148
1
298
153
1
298
156
1
299
159
1
299
162
1
299
164
1
300
167
1
300
169
1
300
170
1
300
172
1
300
174
1
300
176
1
300
178
1
300
179
1
300
180
1
299
181
1
299
182
1
298
182
1
297
183
1
296
183
1
295
184
1
293
185
1
292
186
1
291
186
1
290
187
1
292
179
0
294
159
0
293
145
0
291
137
0
289
133
0
288
132
0
284
131
0
281
131
0
279
132
0
278
131
1
277
130
1
277
134
1
277
140
1
277
145
1
277
150
1
277
154
1
278
159
1
279
163
1
279
167
1
280
169
1
280
172
1
281
175
1
281
177
1
281
179
1
281
181
1
281
182
1
281
183
1
281
184
1
281
185
1
281
186
1
281
179
0
285
158
0
290
150
0
292
146
0
293
141
0
293
136
0
292
134
0
292
131
0
290
131
1
290
138
1
290
146
1
291
151
1
292
157
1
292
160
1
293
165
1
293
168
1
293
172
1
293
174
1
293
177
1
294
179
1
294
182
1
294
183
1
294
173
0
297
171
0
298
170
0
298
171
0
298
175
0
298
183
0
344
192
0
367
192
0
360
167
0
348
167
0
345
162
0
348
154
0
353
145
0
357
139
0
359
136
0
361
133
0
360
133
0
359
133
0
360
133
0
363
129
0
363
125
0
350
130
0
346
133
0
349
134
0
352
133
0
354
131
0
356
130
0
357
131
0
357
133
0
357
132
0
361
130
0
361
129
0
359
128
0
358
127
0
358
125
0
362
120
0
366
115
0
367
113
0
367
114
0
367
115
0
366
116
0
366
115
0
367
114
0
367
113
1
365
114
1
363
115
1
361
116
1
359
116
1
358
117
1
357
117
1
355
118
1
354
118
1
353
118
1
351
119
1
349
120
1
348
120
1
347
121
1
346
121
1
346
122
1
345
124
1
344
127
1
344
130
1
344
133
1
344
136
1
344
139
1
344
144
1
344
149
1
344
153
1
344
156
1
345
159
1
345
163
1
346
166
1
346
168
1
346
170
1
347
172
1
347
174
1
347
175
1
347
177
1
347
178
1
347
179
1
348
179
1
348
180
1
349
180
1
351
181
1
352
181
1
353
181
1
354
181
1
355
180
1
356
180
1
358
179
1
360
178
1
362
177
1
363
176
1
365
176
1
368
174
1
369
174
1
371
173
1
372
173
1
373
172
1
374
171
1
375
169
1
376
167
1
376
164
1
376
161
1
377
158
1
377
155
1
377
151
1
377
146
1
377
141
1
377
138
1
377
135
1
376
132
1
376
129
1
375
127
1
375
124
1
374
121
1
374
119
1
374
118
1
373
117
1
372
116
1
370
115
1
366
114
1
350
120
0
340
127
0
333
135
0
333
143
0
333
148
0
334
151
0
336
152
0
340
152
0
341
152
0
341
148
0
340
146
0
336
146
0
336
144
0
335
142
0
335
141
0
328
140
0
317
145
0
306
148
0
296
146
0
201
152
0
201
151
0
53
204
0
104
205
0
167
214
0
195
240
0
196
249
0
214
248
0
227
239
0
238
231
0
251
226
0
257
220
0
263
215
0
263
213
0
260
204
0
258
184
0
256
175
0
239
158
0
220
133
0
213
124
0
211
120
0
218
117
0
227
116
0
232
114
0
232
113
0
232
111
0
230
111
0
228
111
0
227
111
0
227
110
0
209
117
0
184
137
0
163
152
0
152
159
0
148
166
0
145
168
0
142
172
0
114
186
0
89
194
0
83
200
0
80
202
0
76
203
0
72
206
0
70
209
0
68
211
0
66
212
0
62
215
0
59
218
0
55
221
0
52
224
0
40
225
0
28
225
0
25
225
0
27
223
0
33
221
0
37
221
0
40
220
0
45
220
0
60
223
0
81
225
0
98
225
0
112
223
0
118
221
0
122
219
0
126
219
0
128
218
0
130
217
0
131
216
0
132
215
0
131
213
1
129
213
1
128
213
1
125
212
1
122
212
1
120
211
1
118
211
1
117
211
1
115
211
1
114
211
1
111
210
1
108
210
1
104
210
1
100
209
1
97
209
1
93
209
1
90
209
1
87
209
1
84
209
1
81
209
1
77
209
1
74
209
1
71
210
1
67
211
1
63
212
1
61
212
1
57
213
1
54
213
1
51
214
1
48
214
1
45
215
1
42
216
1
39
218
1
37
219
1
35
220
1
33
221
1
31
222
1
29
222
1
27
223
1
26
224
1
24
225
1
24
226
1
23
227
1
25
229
1
27
230
1
30
232
1
33
232
1
36
232
1
40
233
1
45
233
1
51
234
1
58
235
1
64
235
1
69
236
1
73
236
1
77
236
1
81
236
1
84
236
1
85
236
1
88
236
1
89
236
1
90
236
1
86
235
0
88
234
0
90
238
0
94
239
0
98
239
0
101
239
0
112
235
0
123
231
0
130
228
0
135
228
0
143
225
0
145
224
0
150
224
0
165
222
0
184
217
0
189
216
0
188
220
0
185
222
0
183
222
0
181
224
0
182
223
0
202
219
0
233
220
0
249
220
0
254
220
0
261
217
0
271
214
0
278
213
0
298
209
0
313
205
0
314
204
0
296
205
0
280
209
0
275
210
0
295
190
0
341
177
0
343
171
0
349
163
0
358
158
0
362
157
0
365
154
0
363
154
0
361
152
0
361
146
0
361
143
0
358
144
0
357
145
0
356
140
0
356
132
0
357
129
0
357
127
0
357
125
0
357
122
0
358
122
0
362
120
0
363
120
0
358
135
0
348
161
0
346
166
0
346
154
0
345
136
0
336
129
0
325
128
0
297
130
0
279
137
0
274
147
0
273
154
0
275
155
0
278
152
0
276
151
0
271
153
0
270
153
0
269
147
0
268
139
0
261
137
0
254
143
0
284
77
0
312
1
0
290
32
0
272
59
0
260
68
0
253
77
0
237
85
0
228
97
0
228
102
0
233
105
0
235
106
0
238
107
0
251
99
0
259
94
0
258
96
0
259
95
0
256
95
0
254
95
0
253
93
0
252
92
0
250
91
0
248
90
1
249
90
1
249
91
1
249
92
1
249
93
1
249
95
1
249
97
1
249
99
1
250
100
1
250
95
1
249
91
1
248
88
1
248
85
1
248
80
1
248
76
1
249
72
1
249
68
1
249
63
1
250
58
1
250
52
1
250
47
1
250
41
1
250
35
1
250
29
1
250
24
1
250
18
1
249
13
1
249
10
1
249
6
1
248
4
1
248
1
1
248
-2
1
247
-3
1
250
-3
1
252
-3
1
253
-3
1
253
-2
1
253
3
1
254
9
1
254
14
1
254
18
1
255
25
1
255
28
1
255
33
1
255
38
1
255
44
1
255
49
1
255
55
1
255
60
1
255
63
1
255
68
1
256
71
1
256
75
1
257
78
1
258
80
1
259
83
1
259
85
1
260
88
1
260
91
1
261
94
1
261
96
1
261
99
1
261
100
1
261
102
1
258
102
1
256
102
1
253
102
1
251
102
1
250
102
1
249
102
1
248
102
1
248
100
0
248
99
0
249
98
0
250
97
0
259
90
0
270
83
0
298
202
0
293
265
0
292
274
0
303
272
0
309
262
0
316
259
0
321
260
0
325
262
0
331
262
0
336
262
0
338
262
0
339
262
0
340
260
0
341
259
0
342
260
0
342
262
0
343
260
0
342
261
0
341
261
0
340
262
0
338
263
0
337
263
0
336
263
0
335
262
0
335
261
0
313
257
0
286
256
0
239
257
0
177
257
0
168
252
0
143
246
0
123
237
0
113
232
0
98
228
0
92
225
0
81
224
0
65
224
0
63
228
0
56
233
0
51
236
0
46
237
0
43
239
0
42
240
0
41
241
0
42
242
0
45
243
1
46
244
1
49
244
1
51
245
1
53
245
1
55
245
1
56
245
1
58
245
1
59
245
1
62
245
1
64
245
1
65
245
1
68
245
1
70
245
1
66
244
1
61
243
1
60
243
1
59
243
1
57
243
1
56
243
1
55
243
1
55
247
1
55
248
1
56
249
1
57
250
1
58
250
1
58
248
1
59
247
1
59
245
1
59
243
1
59
242
1
59
241
1
68
241
0
97
243
0
149
244
0
195
245
0
212
246
0
214
247
0
218
246
0
225
243
0
229
242
0
238
241
0
245
241
0
244
241
0
236
241
0
232
240
0
228
240
0
225
240
0
223
241
0
221
241
0
217
242
0
216
242
0
214
242
1
213
242
1
213
241
1
214
241
1
218
241
1
224
241
1
228
241
1
231
241
1
234
240
1
236
239
1
239
238
1
241
237
1
239
237
1
234
237
1
231
238
1
228
238
1
227
238
1
226
238
1
226
241
1
225
244
1
225
245
1
226
246
1
227
244
1
227
242
1
227
241
1
226
241
1
226
240
1
225
240
0
224
241
0
223
241
0
221
241
0
216
238
0
213
232
0
216
225
0
225
222
0
237
216
0
288
204
0
308
198
0
308
197
0
304
197
0
297
197
0
