173
267
1
175
265
0
182
260
0
184
258
0
233
231
0
377
182
0
378
184
0
363
208
0
345
229
0
337
243
0
336
245
0
266
254
0
266
255
0
268
257
0
276
257
0
280
257
0
281
257
0
281
255
0
281
253
0
280
251
0
280
249
0
280
248
0
283
247
0
288
247
0
289
247
0
297
244
0
276
248
0
240
269
0
243
277
0
260
293
0
276
303
0
286
309
0
295
310
0
300
310
0
301
310
0
303
313
0
305
318
0
305
320
0
305
321
0
305
320
0
304
318
0
303
317
0
304
317
1
305
319
1
306
320
1
308
321
1
309
321
1
311
321
1
312
321
1
313
321
1
314
321
1
316
323
1
318
324
1
320
326
1
320
327
1
322
329
1
323
331
1
325
333
1
325
334
1
325
335
1
323
334
1
320
333
1
319
333
1
317
333
1
315
333
1
314
333
1
312
333
1
311
333
1
310
333
1
309
331
1
309
328
1
309
326
1
309
324
1
309
322
1
309
321
1
309
320
1
308
320
1
306
319
1
305
319
1
305
320
0
305
315
0
300
305
0
290
290
0
285
284
0
281
281
0
272
273
0
257
259
0
230
238
0
208
226
0
201
223
0
205
234
0
220
255
0
224
263
0
224
265
0
225
267
0
227
268
0
230
270
0
231
270
0
232
270
0
232
269
0
232
268
0
232
267
0
266
418
0
256
379
0
244
367
0
235
373
0
233
386
0
237
368
0
244
321
0
243
278
0
238
266
0
237
264
0
236
273
0
235
275
0
231
273
0
229
266
0
229
262
0
229
261
0
230
261
0
231
261
0
233
262
0
233
264
0
233
265
0
233
266
0
232
266
0
230
266
1
228
267
1
227
266
1
225
264
1
223
262
1
222
259
1
220
256
1
218
253
1
217
250
1
215
247
1
214
245
1
212
243
1
211
240
1
208
237
1
206
234
1
204
232
1
202
230
1
200
227
1
198
226
1
196
225
1
193
223
1
190
221
1
188
220
1
187
219
1
186
218
1
185
217
1
184
217
1
180
216
1
178
214
1
177
212
1
177
211
1
177
210
1
180
208
1
182
207
1
185
206
1
187
206
1
189
207
1
190
209
1
192
210
1
195
212
1
199
215
1
203
218
1
208
221
1
213
225
1
218
229
1
223
235
1
230
241
1
236
247
1
243
253
1
249
258
1
254
261
1
260
265
1
265
269
1
270
272
1
275
277
1
281
282
1
287
287
1
291
291
1
295
296
1
299
300
1
302
305
1
304
308
1
305
312
1
306
314
1
306
316
1
306
317
1
305
317
1
302
319
1
299
322
1
298
322
1
294
319
1
289
315
1
282
311
1
278
308
1
274
305
1
272
304
1
270
303
1
270
302
1
270
299
0
272
287
0
272
278
0
271
273
0
270
272
0
270
271
0
268
270
0
267
269
0
265
267
0
264
267
0
263
267
0
261
268
0
264
270
1
267
271
1
269
272
1
272
272
1
275
272
1
277
273
1
279
274
1
281
275
1
281
277
1
281
278
1
275
278
0
270
281
0
265
285
0
263
290
0
263
297
0
264
302
0
265
304
0
267
305
0
268
304
0
268
303
1
269
300
1
269
296
1
269
292
1
269
290
1
269
288
1
267
285
1
266
283
1
264
280
1
262
278
1
261
276
1
260
274
1
258
271
1
256
269
1
254
266
1
252
264
1
250
262
1
249
260
1
247
258
1
246
257
1
244
257
1
242
256
1
240
256
1
238
256
1
236
258
1
234
260
1
233
261
1
232
262
1
231
264
1
230
267
1
230
268
1
231
266
0
237
266
0
248
282
0
254
290
0
259
298
0
262
302
0
263
302
0
264
302
0
266
304
0
269
307
0
269
310
0
270
311
0
270
312
0
270
316
0
270
321
0
270
325
0
269
325
0
266
323
0
265
322
0
264
321
0
263
320
0
264
320
1
266
321
1
268
322
1
269
322
1
270
322
1
270
321
1
270
316
1
269
312
1
267
309
1
266
305
1
265
302
1
263
297
1
261
294
1
260
291
1
258
288
1
257
286
1
254
284
1
252
282
1
251
281
1
249
280
1
247
278
1
246
277
1
243
275
1
242
274
1
240
273
1
238
272
1
237
271
1
236
270
1
235
269
1
234
269
1
232
269
1
230
269
1
229
269
1
228
269
1
227
269
1
226
270
1
225
272
1
225
273
1
224
274
1
223
276
1
223
278
1
223
280
1
223
281
1
222
279
0
222
281
0
222
282
0
222
284
0
222
287
0
220
289
0
218
290
0
217
291
0
216
292
0
215
293
0
215
295
0
215
293
1
216
291
1
217
288
1
219
286
1
220
285
1
222
284
1
224
283
1
226
282
1
228
281
1
230
281
1
233
281
1
236
281
1
239
282
1
241
283
1
244
285
1
247
287
1
250
289
1
253
292
1
255
295
1
257
297
1
260
300
1
262
302
1
263
304
1
264
306
1
264
308
1
264
309
1
264
311
1
264
313
1
264
316
1
264
319
1
263
322
1
263
323
1
263
325
1
262
326
1
261
326
1
259
325
1
257
322
1
256
321
1
255
320
1
253
318
1
251
317
1
251
316
1
250
317
0
249
320
0
248
322
0
248
323
0
247
324
0
245
325
0
241
326
0
239
326
0
236
326
0
235
325
0
233
324
0
233
323
0
233
319
0
234
314
0
235
313
0
235
314
0
234
318
0
231
322
0
227
330
0
225
342
0
224
360
0
225
368
0
227
370
0
227
371
0
227
372
0
225
373
0
224
373
0
225
370
1
225
366
1
224
362
1
222
358
1
221
356
1
219
352
1
218
349
1
217
346
1
215
342
1
214
338
1
213
334
1
211
330
1
210
327
1
209
322
1
208
319
1
207
316
1
207
312
1
207
309
1
206
306
1
206
303
1
206
301
1
206
299
1
206
297
1
210
296
1
213
296
1
217
295
1
220
295
1
223
295
1
226
295
1
229
295
1
232
295
1
235
295
1
239
295
1
241
296
1
244
297
1
246
297
1
247
298
1
248
298
1
248
299
1
249
299
1
250
300
1
250
302
1
251
305
1
251
309
1
251
312
1
251
314
1
251
317
1
251
320
1
251
322
1
251
323
1
251
324
1
250
324
1
247
324
1
244
324
1
241
324
1
239
324
1
237
324
1
234
325
1
233
325
1
232
325
1
231
325
1
233
324
1
236
322
1
237
320
1
239
318
1
240
318
1
242
317
1
243
316
1
244
315
1
243
315
1
241
314
1
237
311
1
236
310
1
236
311
1
237
316
1
237
318
1
238
318
1
238
319
1
238
320
1
238
321
1
239
321
1
237
321
0
237
323
0
238
327
0
240
329
0
240
330
0
241
329
0
241
328
0
241
327
0
244
329
1
245
330
1
245
331
1
245
332
1
245
333
1
244
334
1
243
335
1
241
337
1
240
338
1
239
339
1
238
340
1
237
341
1
236
342
1
236
343
1
236
344
1
237
345
1
238
346
1
239
347
1
240
349
1
241
351
1
241
352
1
242
354
1
242
356
1
243
359
1
243
360
1
243
361
1
243
362
1
243
363
1
243
364
1
243
365
1
243
366
1
243
367
1
241
366
0
238
368
0
236
372
0
235
375
0
232
378
0
229
382
0
228
383
0
226
385
0
223
387
0
222
388
0
221
389
0
220
390
0
219
391
0
220
390
1
220
389
1
220
387
1
219
384
1
219
382
1
218
379
1
218
378
1
218
377
1
218
376
1
221
375
1
225
372
1
229
370
1
233
368
1
235
367
1
237
366
1
239
365
1
241
364
1
243
363
1
244
363
1
245
363
1
245
362
1
246
362
1
247
362
1
247
365
1
246
368
1
246
371
1
246
374
1
246
377
1
246
379
1
246
380
1
246
381
1
245
381
1
243
381
0
241
381
0
241
388
0
247
415
0
261
463
0
271
499
0
283
548
0
292
577
0
300
587
0
305
586
0
309
585
0
311
591
0
316
601
1
323
607
1
328
610
1
333
614
1
336
615
1
338
614
1
340
613
1
341
611
1
341
610
1
341
609
1
339
607
1
335
605
1
328
603
1
322
601
1
317
600
1
312
598
1
307
598
1
301
597
1
296
596
1
292
596
1
286
595
1
280
595
1
275
594
1
269
594
1
264
594
1
259
594
1
253
594
1
247
594
1
243
594
1
238
594
1
234
594
1
230
593
1
227
592
1
225
591
1
224
590
1
223
587
1
222
580
1
222
573
1
222
569
1
222
563
1
222
558
1
221
552
1
219
547
1
218
541
1
217
535
1
217
530
1
216
525
1
215
519
1
215
512
1
214
506
1
214
500
1
213
496
1
213
491
1
212
485
1
212
481
1
212
476
1
212
471
1
213
466
1
213
461
1
213
454
1
213
447
1
214
440
1
214
434
1
214
426
1
214
420
1
214
413
1
214
406
1
215
399
1
215
395
1
215
392
1
215
390
1
215
389
1
215
388
1
216
388
1
218
388
1
221
388
1
224
388
1
228
388
1
231
388
1
234
388
1
237
387
1
240
386
1
242
386
1
245
385
1
247
384
1
249
383
1
250
383
1
252
382
1
253
381
1
254
381
1
255
385
1
256
389
1
256
395
1
256
400
1
256
404
1
256
411
1
257
417
1
257
424
1
258
430
1
259
437
1
259
443
1
259
449
1
260
455
1
261
461
1
262
467
1
263
472
1
265
480
1
266
486
1
268
493
1
269
497
1
270
503
1
271
508
1
272
513
1
272
518
1
274
524
1
275
530
1
275
534
1
276
538
1
276
539
1
277
539
1
282
539
1
290
539
1
299
539
1
305
539
1
314
539
1
323
539
1
330
539
1
337
539
1
343
539
1
349
539
1
355
540
1
361
540
1
368
540
1
375
541
1
382
541
1
393
541
1
403
541
1
411
541
1
419
541
1
425
540
1
430
540
1
438
539
1
444
539
1
449
539
1
455
539
1
463
539
1
469
537
1
471
537
1
475
537
1
478
537
1
479
537
1
480
537
1
480
533
1
480
525
1
481
519
1
483
515
1
484
511
1
486
508
1
487
505
1
488
502
1
489
498
1
489
496
1
487
496
1
482
500
1
477
505
1
474
509
1
469
513
1
465
516
1
462
521
1
460
525
1
458
528
1
455
525
1
451
518
1
447
510
1
444
505
1
442
499
1
439
494
1
436
489
1
434
484
1
431
479
1
429
474
1
426
470
1
424
465
1
422
461
1
421
458
1
420
456
1
419
453
1
418
450
1
417
448
1
417
447
1
417
446
1
417
445
1
417
444
1
416
444
1
416
447
0
415
451
0
417
458
0
418
461
0
419
461
0
421
462
0
424
463
0
425
464
0
426
463
0
426
462
0
425
461
0
424
460
0
424
458
0
423
458
1
422
458
1
424
458
1
429
456
1
435
454
1
439
452
1
445
450
1
450
447
1
455
445
1
460
443
1
462
442
1
443
446
0
436
450
0
430
449
0
388
350
0
386
341
0
386
336
0
390
353
0
390
364
0
393
379
0
400
391
0
405
399
0
409
404
0
410
406
0
412
410
0
412
413
0
412
414
0
413
415
0
413
411
1
413
407
1
413
401
1
413
395
1
412
391
1
411
389
1
411
388
1
410
388
1
409
389
1
405
391
1
401
395
1
396
399
1
393
401
1
388
405
1
382
409
1
375
413
1
367
418
1
360
423
1
356
426
1
349
429
1
344
431
1
337
434
1
334
436
1
329
439
1
324
441
1
321
443
1
316
445
1
312
448
1
307
449
1
302
452
1
299
452
1
296
453
1
292
455
1
290
455
1
289
456
1
288
456
1
288
454
1
289
447
1
290
442
1
292
437
1
293
433
1
295
427
1
297
420
1
299
415
1
301
408
1
303
402
1
305
397
1
306
391
1
308
386
1
309
382
1
311
377
1
312
373
1
314
369
1
316
364
1
317
359
1
317
354
1
318
350
1
318
348
1
319
344
1
320
341
1
321
338
1
321
335
1
322
333
1
322
332
1
322
333
1
322
336
0
321
338
0
323
344
0
325
347
0
326
348
0
326
349
0
325
351
0
320
351
0
314
351
0
311
350
0
310
350
0
309
350
0
308
351
0
308
354
0
307
354
1
305
354
1
302
353
1
300
351
1
298
350
1
297
350
1
296
350
1
294
350
1
292
350
1
290
352
1
288
353
1
286
355
1
284
357
1
283
359
1
282
362
1
281
365
1
281
369
1
281
370
1
282
374
1
284
377
1
286
379
1
290
380
1
294
381
1
298
382
1
302
380
1
305
377
1
307
373
1
308
370
1
309
366
1
309
363
1
309
360
1
309
358
1
308
356
1
307
355
1
306
355
1
305
354
1
305
353
1
309
353
1
314
352
1
318
352
1
321
352
1
324
351
1
326
350
1
327
350
1
328
349
1
328
350
1
328
353
1
329
357
1
330
360
1
332
362
1
335
364
1
338
366
1
342
368
1
344
368
1
347
368
1
350
368
1
353
368
1
357
367
1
360
366
1
363
363
1
365
361
1
367
359
1
368
357
1
370
354
1
370
352
1
370
347
1
368
341
1
367
338
1
365
335
1
362
334
1
359
332
1
355
330
1
353
329
1
351
329
1
348
329
1
345
329
1
343
330
1
340
331
1
338
333
1
336
335
1
333
337
1
331
340
1
329
341
1
328
343
1
327
345
1
326
347
1
325
348
1
325
349
1
325
351
1
325
352
1
326
349
0
328
345
0
332
344
0
334
344
0
337
344
0
335
343
0
334
343
1
334
344
1
336
344
1
339
344
1
342
344
1
345
344
1
347
343
1
350
343
1
352
343
1
355
344
1
356
345
1
357
346
1
357
347
1
356
349
1
354
351
1
353
352
1
350
354
1
347
355
1
344
355
1
342
355
1
340
355
1
339
355
1
337
356
1
337
357
1
339
358
1
341
359
1
343
359
1
346
359
1
348
359
1
350
359
1
352
358
1
354
357
1
355
356
1
357
354
1
358
352
1
359
350
1
359
349
1
360
349
1
362
351
1
363
351
1
364
352
1
365
352
1
366
352
1
366
349
1
366
347
1
366
345
1
365
345
1
363
345
1
361
345
1
359
344
1
357
341
1
356
339
1
355
338
1
353
338
1
350
337
1
349
337
1
346
337
1
344
337
1
342
337
1
340
338
1
339
339
1
337
339
1
336
340
1
334
342
1
333
343
1
332
345
1
332
346
1
332
343
0
334
341
0
336
343
0
337
344
0
339
346
0
340
346
0
342
347
0
343
346
0
343
345
0
342
344
1
340
344
1
340
345
1
339
347
1
339
348
1
339
350
1
339
351
1
341
352
1
344
352
1
346
352
1
347
352
1
348
350
1
348
349
1
348
347
1
348
346
1
348
345
1
347
344
1
346
344
1
344
343
1
343
343
1
341
344
1
341
346
1
340
347
1
340
349
1
340
350
1
340
351
1
342
353
1
343
354
1
345
354
1
347
353
1
349
352
1
349
350
1
349
347
1
348
346
1
346
346
0
344
344
0
346
342
0
352
339
0
359
337
0
364
337
0
369
337
0
371
337
0
372
336
0
368
335
0
367
334
0
366
334
0
365
334
0
364
335
0
363
336
1
362
337
1
365
335
1
369
332
1
374
330
1
380
327
1
386
324
1
392
322
1
398
319
1
404
317
1
411
314
1
417
312
1
424
309
1
431
307
1
437
305
1
444
304
1
451
303
1
459
301
1
463
299
1
470
298
1
474
298
1
478
297
1
482
296
1
484
296
1
485
295
1
485
294
1
487
288
1
489
282
1
490
282
1
493
280
1
495
278
1
499
276
1
501
275
1
503
274
1
506
274
1
511
277
1
513
280
1
514
286
1
515
292
1
515
299
1
516
307
1
516
317
1
516
325
1
515
334
1
513
343
1
512
350
1
511
357
1
510
361
1
508
366
1
507
369
1
505
372
1
504
373
1
502
373
1
500
370
1
499
368
1
498
364
1
496
360
1
495
356
1
495
353
1
494
350
1
493
348
0
492
338
0
493
329
0
495
321
0
499
313
0
500
307
0
502
303
0
502
299
0
502
295
0
502
294
0
502
292
0
503
291
0
504
291
0
504
293
1
502
296
1
500
301
1
498
306
1
497
310
1
496
317
1
496
323
1
497
332
1
499
337
1
501
344
1
503
350
1
505
356
1
506
359
1
506
355
1
504
349
1
504
345
1
503
343
1
503
341
1
507
336
1
508
332
1
509
328
1
509
324
1
507
319
1
505
314
1
502
311
1
500
309
1
499
309
1
498
309
1
497
309
1
496
309
1
494
309
1
496
308
0
498
311
0
499
312
0
502
313
0
503
313
0
504
313
0
505
313
0
505
314
1
502
319
1
501
324
1
500
330
1
501
339
1
503
343
1
504
344
1
503
342
1
500
322
0
509
305
0
527
298
0
528
296
0
528
295
0
527
293
0
523
289
0
520
287
0
519
285
0
516
285
0
515
286
0
513
287
0
513
288
1
514
288
1
520
289
1
525
290
1
529
290
1
534
291
1
535
291
1
536
291
1
537
292
1
539
292
1
537
288
1
536
287
1
536
291
1
538
290
1
537
288
1
536
293
1
538
293
1
538
288
1
536
291
1
537
295
1
539
291
1
536
289
1
536
294
1
532
295
0
516
304
0
510
311
0
507
316
0
507
317
0
509
314
0
514
307
0
418
358
0
403
378
0
392
404
0
386
412
0
391
417
0
399
420
0
406
421
0
408
421
0
410
420
0
412
417
0
413
416
0
413
415
0
412
414
0
411
413
0
410
414
1
408
416
1
407
420
1
406
422
1
405
425
1
405
429
1
405
435
1
405
439
1
408
443
1
409
445
1
411
446
1
411
447
1
412
447
1
409
444
0
410
436
0
411
432
0
412
428
0
413
424
0
414
421
0
414
420
0
415
419
0
415
418
0
415
417
0
415
415
0
415
414
0
414
414
1
413
416
1
411
419
1
410
422
1
409
424
1
408
427
1
408
429
1
408
431
1
408
433
1
409
435
1
409
438
1
410
439
1
411
440
1
411
441
1
413
443
1
414
444
1
415
446
1
416
446
1
416
447
1
415
447
1
414
437
0
414
431
0
415
426
0
416
424
0
417
420
0
417
419
0
417
417
0
416
416
0
415
416
0
414
419
1
414
424
1
414
426
1
414
429
1
416
431
1
418
434
1
419
437
1
421
438
1
422
439
1
423
440
1
425
442
1
427
443
1
429
443
1
430
444
1
432
444
1
433
444
1
433
445
1
430
443
0
428
435
0
426
430
0
425
426
0
423
421
0
422
420
0
421
419
0
420
418
0
419
417
0
418
415
0
419
416
1
421
420
1
423
423
1
425
426
1
427
428
1
429
430
1
431
432
1
433
434
1
435
435
1
438
437
1
442
439
1
443
439
1
445
439
1
447
439
1
448
439
1
445
437
0
442
428
0
438
425
0
436
423
0
435
422
0
433
421
0
431
421
0
430
420
0
429
419
0
430
422
1
432
425
1
434
427
1
436
429
1
439
431
1
441
432
1
442
433
1
445
434
1
447
435
1
449
435
1
451
435
1
454
435
1
449
435
0
447
433
0
444
432
0
443
431
0
441
429
0
440
428
0
439
427
0
438
426
0
437
424
0
440
425
1
442
426
1
444
427
1
446
428
1
447
428
1
449
428
1
451
428
1
453
428
1
456
427
1
457
427
1
459
426
1
461
426
1
462
426
1
461
426
1
455
426
0
452
426
0
449
425
0
448
424
0
447
423
0
446
422
0
445
422
0
448
422
1
450
422
1
452
422
1
453
422
1
455
421
1
457
420
1
459
419
1
461
417
1
463
415
1
464
414
1
465
413
1
466
412
1
467
411
1
467
410
1
468
409
1
468
408
1
469
407
1
470
406
1
470
405
1
470
404
1
469
404
0
464
404
0
461
408
0
460
409
0
457
410
0
453
410
0
448
411
0
446
411
0
