193
400
1
191
402
1
190
405
1
189
406
1
188
407
1
187
410
1
186
411
1
186
413
1
185
414
1
184
415
1
184
417
1
184
418
1
183
420
1
183
422
1
182
423
1
182
424
1
182
425
1
181
427
1
181
428
1
181
429
1
180
431
1
180
432
1
180
433
1
180
435
1
180
437
1
180
438
1
180
440
1
180
443
1
181
445
1
182
446
1
183
448
1
185
449
1
186
450
1
188
451
1
189
452
1
191
454
1
192
455
1
193
455
1
194
456
1
195
457
1
195
459
1
195
461
1
195
463
1
195
464
1
195
463
1
192
449
0
191
435
0
191
423
0
191
417
0
191
411
0
191
407
0
191
406
0
192
405
0
193
404
0
194
404
0
195
403
0
195
406
0
193
410
0
192
413
0
191
414
0
190
414
0
189
416
0
189
417
0
189
415
1
190
413
1
190
411
1
191
410
1
191
409
1
192
408
1
192
407
1
193
405
1
194
404
1
195
403
1
196
402
1
197
402
1
198
402
1
198
404
1
197
406
1
196
409
1
196
411
1
195
414
1
195
416
1
194
419
1
193
420
1
192
422
1
192
424
1
192
425
1
191
426
1
191
428
1
191
429
1
190
429
1
191
427
1
192
423
1
193
419
1
194
417
1
195
415
1
196
414
1
197
412
1
198
410
1
199
410
1
199
412
1
199
415
1
198
418
1
197
420
1
196
423
1
195
426
1
194
428
1
194
431
1
193
432
1
193
433
1
193
430
1
195
425
1
196
421
1
197
419
1
198
417
1
199
416
1
200
416
1
201
417
1
201
419
1
200
423
1
199
425
1
198
428
1
197
430
1
197
431
1
197
433
1
197
434
1
197
436
1
197
437
1
199
439
1
201
441
1
203
442
1
204
444
1
206
445
1
207
446
1
208
447
1
209
448
1
209
449
1
209
450
1
209
451
1
208
453
1
207
455
1
206
457
1
206
458
1
205
460
1
205
461
1
205
462
1
202
463
0
200
465
0
197
469
0
196
470
0
195
470
0
194
470
0
193
471
0
192
469
1
191
467
1
190
466
1
193
465
1
196
463
1
200
462
1
202
460
1
205
458
1
207
457
1
208
457
1
209
456
1
211
456
1
212
455
1
213
455
1
214
455
1
215
455
1
215
456
1
215
461
1
216
463
1
216
464
1
216
465
1
217
465
1
217
466
1
217
467
1
216
466
1
215
466
0
215
468
0
220
473
0
228
475
0
246
479
0
255
482
0
259
482
0
261
482
0
264
483
0
266
485
0
268
486
0
269
486
0
270
486
0
271
486
0
273
486
0
274
486
0
275
485
0
276
485
0
277
484
0
276
485
1
275
486
1
274
486
1
271
487
1
268
489
1
265
491
1
261
492
1
257
495
1
253
497
1
250
499
1
247
500
1
244
502
1
241
503
1
238
504
1
236
506
1
234
507
1
232
508
1
231
508
1
230
508
1
229
509
1
229
507
1
228
502
1
227
498
1
227
495
1
226
493
1
225
490
1
224
486
1
223
483
1
222
480
1
221
478
1
220
475
1
220
473
1
219
472
1
219
471
1
219
469
1
219
468
1
219
467
1
219
466
1
217
467
1
215
468
1
213
469
1
212
470
1
210
471
1
208
472
1
207
472
1
205
473
1
202
475
1
200
476
1
197
477
1
195
477
1
193
478
1
191
478
1
189
478
1
187
478
1
186
478
1
187
481
1
189
486
1
192
492
1
194
499
1
196
503
1
197
507
1
198
511
1
199
516
1
200
520
1
201
524
1
202
529
1
203
533
1
204
536
1
204
537
1
205
538
1
207
538
1
212
537
1
217
536
1
221
535
1
224
533
1
228
532
1
231
532
1
235
531
1
238
531
1
241
530
1
245
530
1
248
530
1
251
530
1
255
530
1
256
530
1
259
530
1
262
530
1
264
530
1
266
530
1
267
530
1
268
530
1
268
532
1
268
540
1
268
549
1
268
556
1
268
561
1
268
566
1
269
571
1
270
575
1
271
579
1
272
584
1
272
587
1
273
591
1
274
595
1
275
598
1
275
602
1
275
605
1
275
608
1
275
612
1
276
615
1
276
618
1
277
619
1
279
619
1
282
618
1
287
617
1
291
615
1
295
614
1
300
613
1
303
611
1
307
610
1
311
608
1
313
606
1
317
603
1
320
601
1
322
598
1
324
595
1
326
591
1
328
588
1
329
586
1
330
584
1
331
581
1
332
579
1
333
576
1
335
573
1
336
571
1
336
570
1
336
571
1
336
572
1
336
573
1
336
578
1
337
585
1
339
591
1
342
596
1
344
599
1
347
603
1
351
606
1
356
609
1
361
611
1
367
612
1
372
613
1
376
613
1
382
613
1
387
613
1
392
613
1
397
613
1
400
613
1
402
613
1
405
613
1
406
613
1
407
608
1
408
600
1
409
592
1
410
588
1
411
584
1
412
580
1
412
575
1
413
569
1
414
563
1
414
561
1
411
564
0
404
571
0
397
573
0
310
549
0
293
549
0
288
550
0
275
570
0
266
596
0
263
603
0
267
607
0
271
620
0
276
624
0
282
627
0
288
623
0
290
621
0
294
616
0
296
613
0
298
609
0
300
607
0
303
606
0
303
607
0
303
608
0
302
612
1
304
622
1
304
630
1
304
637
1
305
643
1
305
648
1
306
652
1
306
656
1
307
660
1
307
664
1
308
668
1
308
671
1
309
675
1
310
677
1
310
679
1
310
681
1
310
684
1
310
686
1
311
686
1
314
685
1
316
684
1
321
683
1
325
682
1
326
681
1
327
681
1
327
680
1
326
680
1
320
680
1
315
681
1
313
683
1
312
683
1
312
684
1
312
686
1
310
689
1
308
692
1
305
695
1
303
697
1
301
698
1
298
700
1
295
702
1
293
704
1
290
705
1
287
707
1
284
708
1
282
708
1
281
709
1
280
709
1
281
709
1
286
709
1
291
708
1
296
705
1
301
703
1
304
702
1
308
700
1
311
699
1
314
697
1
317
694
1
320
692
1
322
691
1
325
690
1
326
690
1
327
689
1
328
689
1
329
693
1
330
693
1
331
693
1
335
692
1
338
690
1
339
689
1
340
688
1
341
685
1
341
683
1
339
682
1
338
680
1
338
677
1
338
673
1
339
668
1
339
663
1
339
658
1
339
653
1
340
649
1
341
645
1
341
641
1
343
635
1
344
631
1
344
626
1
345
622
1
346
617
1
347
613
1
347
611
1
347
610
1
347
609
1
347
611
1
347
621
1
347
630
1
347
638
1
347
647
1
347
653
1
346
659
1
346
665
1
345
669
1
345
673
1
345
678
1
345
681
1
345
685
1
346
687
1
346
689
1
347
689
1
349
689
1
353
691
1
356
692
1
359
693
1
360
694
1
361
691
1
361
690
1
362
690
1
363
691
1
367
694
1
369
696
1
372
698
1
376
699
1
379
700
1
382
700
1
385
701
1
392
702
1
395
703
1
398
703
1
400
703
1
402
703
1
403
703
1
404
703
1
401
701
1
398
699
1
395
697
1
393
695
1
390
692
1
388
690
1
385
688
1
382
686
1
379
685
1
377
684
1
375
683
1
374
682
1
374
679
1
375
674
1
375
666
1
375
659
1
375
654
1
376
649
1
377
643
1
377
637
1
377
631
1
378
625
1
378
621
1
378
620
1
378
621
1
377
625
0
368
638
0
359
654
0
348
668
0
336
678
0
331
684
0
326
688
0
322
690
0
321
691
0
319
693
0
322
693
0
335
693
0
348
692
0
354
691
0
359
690
0
362
688
0
364
687
0
366
686
0
368
684
0
369
684
0
370
683
0
371
683
0
372
684
0
373
684
0
374
685
1
376
687
1
380
690
1
383
693
1
387
695
1
388
695
1
389
696
1
387
694
0
384
679
0
378
665
0
372
648
0
362
618
0
350
585
0
343
565
0
333
562
0
326
565
0
343
568
0
357
555
0
360
527
0
359
519
0
356
513
0
359
511
0
362
519
0
364
528
0
364
530
0
365
530
0
368
530
0
370
530
0
374
530
0
378
530
0
381
531
0
386
531
0
389
530
0
393
528
0
395
525
0
396
524
0
397
523
0
397
522
0
397
523
0
394
523
1
390
524
1
385
525
1
382
526
1
379
526
1
376
526
1
374
526
1
372
526
1
371
526
1
370
526
1
369
526
1
368
526
1
367
526
1
365
526
1
364
527
1
364
529
1
364
538
1
363
545
1
363
550
1
363
554
1
363
557
1
363
559
1
363
560
1
364
560
1
368
560
1
372
560
1
376
560
1
380
560
1
384
560
1
388
559
1
392
559
1
396
559
1
400
558
1
404
557
1
406
557
1
409
556
1
412
556
1
414
556
1
416
556
1
417
555
1
419
555
1
421
554
1
422
554
1
423
553
1
424
553
1
425
553
1
425
552
1
424
552
1
416
551
0
403
547
0
385
541
0
376
537
0
368
534
0
362
533
0
360
533
0
359
533
0
361
532
0
363
531
0
363
530
0
365
529
0
366
528
0
367
527
0
363
529
1
359
529
1
358
529
1
356
530
1
356
533
1
355
543
1
354
551
1
354
555
1
354
557
1
353
559
1
353
560
1
354
559
1
357
559
1
362
559
1
365
559
1
366
559
1
366
558
1
362
554
0
361
553
0
359
551
0
358
550
0
355
546
0
352
539
0
351
533
0
350
532
0
352
534
0
353
536
0
354
537
1
353
536
1
351
534
1
349
531
1
348
528
1
346
526
1
346
525
1
345
524
1
344
524
1
343
523
1
341
523
1
340
523
1
338
523
1
336
522
1
334
521
1
333
521
1
332
521
1
331
521
1
330
521
1
329
521
1
328
521
1
327
521
1
326
522
1
325
523
1
323
524
1
321
526
1
317
528
1
315
530
1
313
531
1
311
532
1
308
534
1
306
535
1
304
538
1
300
540
1
298
541
1
296
543
1
296
544
1
297
544
1
302
544
1
306
542
1
309
540
1
312
538
1
315
537
1
318
535
1
320
534
1
323
532
1
326
530
1
327
530
1
329
529
1
330
529
1
330
528
1
331
528
1
328
529
1
324
531
1
321
533
1
318
535
1
316
536
1
314
538
1
312
539
1
310
541
1
309
542
1
308
543
1
310
544
1
314
544
1
318
543
1
320
541
1
323
540
1
326
538
1
328
537
1
331
536
1
332
535
1
328
536
1
324
538
1
320
540
1
317
542
1
315
544
1
315
545
1
318
546
1
321
545
1
324
545
1
327
544
1
330
543
1
332
543
1
335
543
1
337
543
1
339
542
1
341
542
1
342
542
1
343
542
1
345
543
1
347
546
1
350
548
1
352
550
1
354
552
1
355
552
1
356
553
1
357
553
1
358
554
1
355
553
0
348
546
0
343
538
0
337
530
0
335
528
0
335
527
0
334
526
0
333
525
0
332
524
0
331
524
0
329
523
0
327
522
0
326
522
0
327
523
0
328
524
0
329
524
1
329
523
1
329
519
1
329
516
1
329
515
1
327
515
1
325
515
1
323
516
1
321
516
1
319
516
1
316
516
1
314
516
1
313
516
1
311
516
1
309
515
1
308
515
1
307
515
1
306
515
1
305
515
1
305
517
1
305
519
1
305
522
1
305
523
1
305
525
1
305
527
1
305
530
1
305
531
1
305
533
1
305
534
1
305
535
1
305
536
1
305
537
1
304
538
1
304
534
0
303
530
0
304
527
0
306
525
0
307
523
0
309
522
0
310
521
0
311
520
0
311
519
0
312
518
0
313
517
0
313
516
0
314
513
1
315
510
1
315
508
1
315
507
1
315
506
1
319
507
1
323
507
1
325
507
1
326
507
1
327
507
1
326
507
1
325
507
1
325
508
1
325
510
1
324
516
1
324
518
1
324
515
0
322
514
0
320
514
0
319
515
0
321
516
0
322
515
0
326
512
0
329
510
0
330
512
0
328
519
0
325
533
0
322
538
0
311
541
0
292
531
0
290
530
0
212
471
0
182
465
0
176
455
0
167
447
0
162
443
0
162
442
0
166
436
0
170
431
0
173
427
0
176
425
0
178
425
0
181
425
0
183
426
0
186
427
0
186
431
0
186
436
0
185
443
0
182
448
0
179
451
0
177
455
0
175
459
0
173
461
0
171
466
0
171
467
0
171
466
0
172
461
0
172
464
0
171
466
0
171
468
0
170
469
0
172
464
0
174
452
0
176
448
0
176
447
0
177
444
0
178
442
0
179
440
0
180
438
0
180
440
0
179
443
1
177
446
1
176
449
1
175
451
1
174
454
1
173
456
1
172
459
1
172
461
1
171
463
1
171
465
1
171
467
1
170
468
1
170
469
1
170
468
1
172
465
1
174
462
1
176
459
1
177
457
1
178
456
1
179
454
1
180
452
1
181
451
1
182
448
1
183
447
1
184
445
1
183
445
0
182
435
0
183
421
0
185
415
0
186
411
0
188
408
0
188
407
0
189
406
0
192
406
0
193
405
0
194
404
0
195
403
0
196
401
1
197
398
1
198
396
1
199
395
1
200
394
1
201
393
1
201
392
1
201
390
1
200
388
1
200
387
1
200
385
1
200
384
1
202
382
1
203
380
1
204
379
1
205
378
1
206
377
1
208
376
1
209
375
1
209
377
1
209
380
1
209
383
1
208
385
1
207
387
1
205
388
1
204
389
1
203
390
1
202
391
1
201
391
1
200
392
1
200
395
1
200
398
1
200
401
1
200
404
1
200
405
1
199
406
1
199
407
1
199
405
0
199
401
0
199
397
0
200
395
0
201
394
0
202
393
0
202
391
0
205
388
0
206
386
0
207
385
0
207
384
0
207
383
0
205
383
1
204
382
1
202
381
1
199
380
1
198
378
1
196
376
1
195
373
1
194
370
1
194
367
1
194
364
1
194
361
1
195
358
1
197
353
1
198
350
1
200
345
1
202
340
1
204
337
1
207
333
1
209
330
1
210
328
1
212
325
1
215
322
1
218
319
1
222
315
1
226
311
1
228
309
1
232
306
1
235
304
1
239
301
1
242
300
1
248
298
1
251
297
1
255
296
1
260
296
1
264
295
1
268
295
1
270
295
1
273
295
1
276
295
1
279
295
1
281
295
1
283
296
1
285
296
1
287
297
1
290
297
1
292
298
1
294
298
1
296
299
1
297
301
1
299
302
1
300
305
1
300
306
1
301
308
1
301
311
1
301
314
1
300
316
1
299
317
1
298
317
1
298
316
1
297
315
1
297
313
1
298
311
1
299
309
1
301
308
1
302
306
1
303
305
1
305
304
1
306
304
1
307
304
1
308
305
1
308
306
1
308
307
1
308
310
1
308
311
1
307
314
1
306
316
1
305
319
1
302
322
1
299
326
1
294
330
1
290
333
1
286
337
1
281
340
1
277
341
1
271
341
1
266
341
1
262
339
1
258
337
1
255
334
1
252
331
1
250
326
1
249
322
1
249
317
1
248
311
1
248
306
1
249
301
1
250
297
1
252
292
1
253
288
1
255
283
1
258
279
1
260
276
1
265
271
1
269
266
1
273
262
1
277
258
1
283
252
1
287
249
1
291
245
1
294
243
1
298
241
1
302
239
1
306
238
1
309
236
1
312
235
1
316
234
1
319
232
1
324
229
1
328
228
1
330
227
1
333
227
1
335
227
1
338
227
1
341
227
1
342
227
1
344
228
1
346
229
1
348
231
1
350
233
1
350
235
1
350
237
1
350
239
1
348
242
1
345
244
1
341
246
1
338
246
1
334
246
1
332
245
1
330
244
1
328
244
1
325
242
1
323
240
1
321
238
1
319
236
1
319
234
1
318
233
1
318
232
1
316
231
1
316
229
1
314
228
1
312
224
1
311
221
1
310
218
1
309
215
1
309
211
1
309
208
1
309
205
1
310
202
1
312
199
1
314
197
1
316
195
1
318
194
1
320
193
1
321
193
1
322
194
1
323
197
1
323
201
1
323
206
1
323
210
1
323
214
1
322
219
1
321
226
1
321
230
1
319
235
1
318
240
1
316
244
1
315
248
1
313
253
1
311
257
1
310
261
1
307
266
1
304
272
1
302
275
1
300
279
1
297
284
1
295
288
1
292
292
1
290
296
1
288
300
1
286
303
1
285
306
1
283
309
1
282
313
1
279
317
1
278
321
1
276
325
1
274
329
1
273
332
1
272
335
1
271
339
1
270
344
1
268
348
1
266
352
1
265
355
1
263
358
1
262
361
1
261
363
1
259
365
1
258
367
1
257
369
1
256
371
1
256
372
1
255
374
1
254
375
1
254
376
1
253
377
1
253
378
1
255
377
1
257
375
1
260
372
1
261
367
1
261
364
1
261
361
1
259
359
1
259
358
1
257
358
1
254
359
1
252
360
1
251
362
1
249
365
1
247
367
1
246
371
1
246
374
1
246
377
1
246
380
1
248
384
1
251
388
1
254
391
1
256
392
1
260
392
1
263
390
1
266
387
1
267
383
1
268
377
1
268
371
1
268
367
1
265
362
1
263
358
1
261
355
1
258
353
1
256
351
1
254
350
1
252
350
1
249
350
1
247
353
1
244
356
1
242
359
1
241
364
1
241
369
1
241
374
1
241
378
1
242
382
1
245
386
1
247
390
1
251
394
1
254
398
1
257
399
1
261
399
1
266
397
1
270
391
1
273
384
1
275
375
1
277
367
1
277
360
1
277
351
1
275
344
1
273
337
1
270
333
1
267
331
1
264
329
1
261
328
1
258
327
1
256
327
1
251
327
1
248
329
1
244
332
1
241
336
1
238
339
1
235
345
1
234
350
1
233
354
1
232
360
1
231
365
1
230
369
1
230
374
1
230
379
1
230
384
1
232
389
1
234
394
1
236
399
1
240
404
1
244
409
1
247
412
1
251
415
1
257
418
1
260
419
1
266
419
1
272
418
1
277
416
1
282
413
1
288
410
1
293
407
1
299
403
1
303
398
1
307
393
1
310
388
1
313
382
1
316
377
1
319
372
1
321
368
1
323
364
1
324
358
1
326
352
1
327
346
1
328
341
1
328
337
1
328
335
1
328
334
1
326
334
1
324
338
1
322
345
1
322
351
1
322
358
1
322
365
1
322
373
1
322
380
1
322
388
1
321
394
1
320
399
1
318
402
1
316
403
1
315
401
1
316
395
1
320
388
1
323
383
1
326
377
1
329
372
1
332
366
1
335
359
1
339
350
1
341
344
1
343
337
1
346
332
1
348
327
1
349
322
1
349
319
1
349
318
1
349
317
1
349
316
1
347
317
1
345
325
1
344
332
1
343
340
1
343
350
1
343
358
1
344
367
1
345
374
1
345
382
1
344
389
1
342
395
1
339
400
1
336
404
1
334
404
1
333
403
1
334
397
1
337
389
1
340
383
1
343
378
1
346
373
1
350
366
1
353
360
1
357
353
1
360
347
1
364
342
1
367
336
1
370
332
1
372
325
1
374
321
1
376
318
1
378
313
1
379
309
1
380
306
1
380
303
1
380
304
1
377
310
1
376
317
1
376
323
1
376
330
1
374
335
1
372
341
1
369
347
1
367
351
1
365
353
1
363
353
1
363
349
1
366
342
1
370
337
1
373
333
1
378
328
1
383
322
1
386
317
1
391
309
1
393
305
1
394
301
1
394
300
1
392
300
1
389
308
1
386
317
1
385
330
1
384
340
1
382
348
1
379
357
1
377
364
1
375
369
1
372
375
1
370
379
1
366
384
1
362
387
1
360
387
1
358
384
1
358
378
1
360
372
1
362
367
1
365
361
1
368
357
1
372
351
1
376
346
1
379
342
1
382
338
1
386
335
1
389
333
1
391
330
1
394
329
1
396
328
1
402
327
1
405
327
1
406
327
1
409
327
1
410
327
1
411
328
1
412
330
1
413
331
1
414
333
1
415
335
1
415
336
1
415
337
1
415
338
1
414
341
1
412
343
1
410
344
1
409
344
1
409
341
1
409
337
1
409
334
1
411
331
1
412
329
1
414
327
1
415
326
1
417
325
1
419
325
1
420
328
1
420
332
1
420
336
1
420
339
1
419
342
1
417
345
1
415
349
1
412
351
1
408
353
1
405
354
1
403
351
1
402
345
1
402
339
1
404
334
1
408
328
1
411
324
1
414
322
1
417
320
1
420
320
1
423
320
1
425
323
1
426
329
1
426
334
1
425
338
1
424
343
1
422
347
1
419
351
1
416
356
1
412
359
1
408
361
1
404
361
1
400
359
1
397
355
1
397
348
1
397
340
1
401
334
1
408
326
1
413
321
1
417
317
1
420
316
1
423
316
1
426
319
1
428
324
1
429
331
1
429
339
1
427
345
1
424
352
1
421
359
1
417
365
1
414
371
1
408
377
1
402
382
1
396
387
1
388
392
1
380
397
1
372
402
1
363
407
1
356
411
1
348
415
1
340
417
1
332
418
1
324
418
1
317
417
1
313
414
1
313
411
1
315
409
1
322
406
1
327
405
1
333
404
1
340
403
1
346
403
1
354
401
1
362
401
1
373
400
1
383
400
1
393
400
1
399
400
1
404
400
1
416
401
1
418
402
1
420
402
1
424
402
1
428
403
1
432
403
1
439
403
1
444
403
1
449
400
1
453
397
1
455
394
1
456
392
1
456
391
1
453
390
1
449
390
1
445
391
1
439
393
1
433
395
1
426
399
1
420
404
1
413
409
1
407
415
1
400
421
1
393
427
1
386
432
1
379
437
1
371
442
1
363
446
1
356
449
1
349
451
1
343
452
1
341
450
1
341
447
1
344
444
1
346
442
1
350
440
1
354
438
1
359
437
1
364
435
1
369
434
1
376
433
1
383
433
1
390
434
1
397
437
1
404
440
1
410
442
1
413
444
1
418
447
1
420
450
1
423
455
1
426
460
1
428
465
1
429
471
1
430
474
1
430
478
1
431
482
1
431
488
1
431
494
1
431
497
1
430
501
1
430
506
1
429
510
1
429
514
1
429
518
1
428
523
1
427
528
1
427
532
1
426
536
1
425
540
1
425
544
1
424
546
1
423
549
1
423
550
1
423
552
1
422
553
1
421
551
0
419
555
0
419
556
0
418
555
0
