325
294
1
325
293
1
325
290
1
325
288
1
325
286
1
325
284
1
325
283
1
324
282
1
324
280
1
324
279
1
324
278
1
323
277
1
322
275
1
322
274
1
322
272
1
321
272
1
321
270
1
321
268
1
321
266
1
321
264
1
321
263
1
321
262
1
321
260
1
321
259
1
321
257
1
321
256
1
321
255
1
321
253
1
320
252
1
320
250
1
320
248
1
320
246
1
319
246
1
319
244
1
318
243
1
318
241
1
317
241
1
317
239
1
316
238
1
316
236
1
316
234
1
315
234
1
315
233
1
314
231
1
313
231
1
313
230
1
312
229
1
312
228
1
315
228
1
318
228
1
319
228
1
323
228
1
325
228
1
327
228
1
330
228
1
332
228
1
333
228
1
335
228
1
337
227
1
338
226
1
339
225
1
341
225
1
343
224
1
346
223
1
348
223
1
351
222
1
354
220
1
355
220
1
357
220
1
359
220
1
360
220
1
362
219
1
364
219
1
366
219
1
368
218
1
369
218
1
370
218
1
371
218
1
372
218
1
374
218
1
375
218
1
376
218
1
377
218
1
377
217
1
377
216
1
375
215
1
373
214
1
372
213
1
371
213
1
370
212
1
369
211
1
368
210
1
367
209
1
366
208
1
364
207
1
363
206
1
362
204
1
361
203
1
359
202
1
358
202
1
356
200
1
354
198
1
352
197
1
350
195
1
348
193
1
346
192
1
344
191
1
342
189
1
340
187
1
338
186
1
336
185
1
336
184
1
335
182
1
333
180
1
333
178
1
332
176
1
331
174
1
330
173
1
330
171
1
329
170
1
328
168
1
327
167
1
326
165
1
325
164
1
324
162
1
323
161
1
322
158
1
320
156
1
318
153
1
317
152
1
316
150
1
314
149
1
313
147
1
312
145
1
311
144
1
310
143
1
309
141
1
308
140
1
308
139
1
307
138
1
306
137
1
305
136
1
304
136
1
303
135
1
302
135
1
301
135
1
300
135
1
299
133
1
298
133
1
296
133
1
295
133
1
294
133
1
292
133
1
289
133
1
287
133
1
285
134
1
284
135
1
283
135
1
282
135
1
281
136
1
280
136
1
279
138
1
278
139
1
277
139
1
276
140
1
274
141
1
274
142
1
273
143
1
273
144
1
272
144
1
271
145
1
270
146
1
269
147
1
267
147
1
266
147
1
265
148
1
264
149
1
263
150
1
262
151
1
261
152
1
260
153
1
259
155
1
259
157
1
258
160
1
258
163
1
257
166
1
256
169
1
256
171
1
256
173
1
256
175
1
256
177
1
256
180
1
256
183
1
255
185
1
255
187
1
254
190
1
253
192
1
253
195
1
252
197
1
252
199
1
251
201
1
251
203
1
250
206
1
249
209
1
248
212
1
248
213
1
247
215
1
246
217
1
245
219
1
245
221
1
244
222
1
243
224
1
242
225
1
241
227
1
239
228
1
237
230
1
236
231
1
235
231
1
233
232
1
230
232
1
227
233
1
225
234
1
223
235
1
221
236
1
219
237
1
215
238
1
213
239
1
210
240
1
207
241
1
204
242
1
203
242
1
199
244
1
197
245
1
194
247
1
191
248
1
188
248
1
187
250
1
185
250
1
183
251
1
180
252
1
178
252
1
175
253
1
173
254
1
172
256
1
170
256
1
167
257
1
165
258
1
163
259
1
161
260
1
158
261
1
155
262
1
154
263
1
152
263
1
150
264
1
149
265
1
148
267
1
145
267
1
144
268
1
142
269
1
141
271
1
140
272
1
139
274
1
137
275
1
136
277
1
134
278
1
133
279
1
133
281
1
132
282
1
130
283
1
129
284
1
128
286
1
127
288
1
125
290
1
124
292
1
122
294
1
121
297
1
120
298
1
119
300
1
118
302
1
117
303
1
116
305
1
115
306
1
114
308
1
113
309
1
111
311
1
110
313
1
109
315
1
108
316
1
106
318
1
105
321
1
103
323
1
103
324
1
102
327
1
101
329
1
100
331
1
100
335
1
99
336
1
99
339
1
99
341
1
99
343
1
99
344
1
99
347
1
99
351
1
98
352
1
98
354
1
98
356
1
98
357
1
98
359
1
97
361
1
95
364
1
94
368
1
93
371
1
92
374
1
91
377
1
90
380
1
89
381
1
89
383
1
89
386
1
89
389
1
89
391
1
89
392
1
89
394
1
89
395
1
89
396
1
89
398
1
89
400
1
89
402
1
89
404
1
89
406
1
89
408
1
89
409
1
88
411
1
88
414
1
88
417
1
88
418
1
88
420
1
88
422
1
88
423
1
88
424
1
88
425
1
89
425
1
89
427
1
89
428
1
91
428
1
94
429
1
95
430
1
97
430
1
98
430
1
99
430
1
100
430
1
101
430
1
104
430
1
107
430
1
109
430
1
112
430
1
116
430
1
120
430
1
124
429
1
126
429
1
129
428
1
132
428
1
134
427
1
137
426
1
141
425
1
147
424
1
153
423
1
156
423
1
159
421
1
163
420
1
167
418
1
170
418
1
172
417
1
175
416
1
179
415
1
180
415
1
183
413
1
185
413
1
191
412
1
194
411
1
197
409
1
201
407
1
206
405
1
209
404
1
214
401
1
217
399
1
221
397
1
224
396
1
230
394
1
235
392
1
240
388
1
243
387
1
244
386
1
245
384
1
247
383
1
248
381
1
249
380
1
249
379
1
250
379
1
255
381
1
262
384
1
264
385
1
266
385
1
268
385
1
270
385
1
272
385
1
275
385
1
279
385
1
281
385
1
282
385
1
285
384
1
288
384
1
289
383
1
292
382
1
295
381
1
297
378
1
300
377
1
301
376
1
303
373
1
303
370
1
303
368
1
304
365
1
304
362
1
304
359
1
303
358
1
303
357
1
302
357
1
300
358
1
297
360
1
296
362
1
295
363
1
294
364
1
293
365
1
291
367
1
288
368
1
287
369
1
286
370
1
283
371
1
280
371
1
279
371
1
278
371
1
279
369
1
287
365
1
291
361
1
293
358
1
294
357
1
295
355
1
295
353
1
295
350
1
295
346
1
295
343
1
295
340
1
295
338
1
294
335
1
293
334
1
292
334
1
292
335
1
292
337
1
292
340
1
291
344
1
290
348
1
289
351
1
288
353
1
287
354
1
284
358
1
283
359
1
280
362
1
278
363
1
277
363
1
276
364
1
275
364
1
276
364
1
277
361
1
278
359
1
280
356
1
285
351
1
286
347
1
286
344
1
286
340
1
286
337
1
286
335
1
286
332
1
286
330
1
286
328
1
286
329
1
285
332
1
282
339
1
277
346
1
274
351
1
270
354
1
267
355
1
266
356
1
269
353
1
275
348
1
280
345
1
283
340
1
285
336
1
287
333
1
288
331
1
289
328
1
291
325
1
291
322
1
291
320
1
291
318
1
291
316
1
291
315
1
291
314
1
291
313
1
289
313
1
288
313
1
286
315
1
284
318
1
283
322
1
281
325
1
280
328
1
278
330
1
278
332
1
276
333
1
276
336
1
275
337
1
273
339
1
272
340
1
270
340
1
268
340
1
267
340
1
266
340
1
263
340
1
262
340
1
262
338
0
266
334
0
268
329
0
269
326
0
270
324
0
270
323
0
268
325
0
266
328
0
264
332
0
263
334
0
263
336
0
262
336
0
262
335
0
264
332
0
275
326
0
281
322
0
285
320
0
288
318
0
290
315
0
292
314
0
293
313
0
295
312
0
296
311
0
297
311
0
298
311
0
299
311
0
300
311
0
301
311
0
299
311
1
297
312
1
295
313
1
293
314
1
292
314
1
290
315
1
288
315
1
287
316
1
285
317
1
282
317
1
280
318
1
275
319
1
271
320
1
268
321
1
263
321
1
258
322
1
255
323
1
252
323
1
250
323
1
246
325
1
243
325
1
241
326
1
237
327
1
235
329
1
232
329
1
229
330
1
227
330
1
224
332
1
221
334
1
217
336
1
212
337
1
208
339
1
203
340
1
202
342
1
200
343
1
197
343
1
196
344
1
194
344
1
194
345
1
191
345
1
190
345
1
189
345
1
188
345
1
188
344
1
189
342
1
191
340
1
195
336
1
199
334
1
201
333
1
204
332
1
207
331
1
211
329
1
216
328
1
219
327
1
223
326
1
228
325
1
232
325
1
235
324
1
237
323
1
242
323
1
243
322
1
246
321
1
250
320
1
253
319
1
256
318
1
259
318
1
261
317
1
262
317
1
262
316
1
264
316
1
267
315
1
269
314
1
273
314
1
275
312
1
277
312
1
278
311
1
280
310
1
282
309
1
286
309
1
288
309
1
289
308
1
290
308
1
291
308
1
292
307
1
293
307
1
294
307
1
295
307
1
296
308
1
297
309
1
297
311
1
298
312
1
298
313
1
299
313
1
299
314
1
299
313
1
299
311
1
299
309
1
299
308
1
299
307
1
299
306
1
299
305
1
299
304
1
299
303
1
300
302
1
301
302
1
301
300
1
302
300
1
303
300
1
304
300
1
305
299
1
306
299
1
307
298
1
308
298
1
309
297
1
311
297
1
312
297
1
313
296
1
314
296
1
315
296
1
316
295
1
317
295
1
318
295
1
319
295
1
319
294
1
320
294
1
321
294
1
322
294
1
323
294
1
324
294
1
325
294
1
326
294
1
326
293
1
327
293
1
326
294
1
325
295
1
324
296
1
323
298
1
322
300
1
321
301
1
320
302
1
320
303
1
319
305
1
319
306
1
317
307
1
316
308
1
315
309
1
313
309
1
311
309
1
309
310
1
308
310
1
306
310
1
304
310
1
303
310
1
301
310
1
300
310
1
299
310
1
299
309
1
298
310
0
293
311
0
284
313
0
279
313
0
277
313
0
276
313
0
276
312
0
277
312
0
279
311
0
280
311
0
280
310
0
281
310
0
282
309
0
281
309
1
280
308
1
279
308
1
277
307
1
274
305
1
273
304
1
271
304
1
270
304
1
269
303
1
266
303
1
264
303
1
263
303
1
262
303
1
260
303
1
259
303
1
258
303
1
257
303
1
255
303
1
254
303
1
253
303
1
251
304
1
250
305
1
249
306
1
248
307
1
247
308
1
246
310
1
246
311
1
245
312
1
244
313
1
243
315
1
242
317
1
242
318
1
241
319
1
240
320
1
240
321
1
239
321
1
239
322
1
239
323
1
238
323
1
237
326
0
231
335
0
228
339
0
228
340
0
230
340
0
231
340
0
232
339
0
233
339
0
234
339
0
234
341
1
234
343
1
234
344
1
233
346
1
233
347
1
232
348
1
232
349
1
231
350
1
231
351
1
230
352
1
229
352
1
229
353
1
228
354
1
228
355
1
227
355
1
226
356
1
224
357
1
223
358
1
221
359
1
219
360
1
218
360
1
217
360
1
216
361
1
215
362
1
217
364
1
220
367
1
222
370
1
224
372
1
225
374
1
226
375
1
227
377
1
228
379
1
229
381
1
230
383
1
231
384
1
231
386
1
233
387
1
233
389
1
234
390
1
235
390
1
235
392
1
234
393
1
231
393
1
229
393
1
228
394
1
226
394
1
225
395
1
224
395
1
223
395
1
222
394
1
220
391
1
218
388
1
218
385
1
217
383
1
216
381
1
215
380
1
214
377
1
214
374
1
213
370
1
213
369
1
212
367
1
212
366
1
211
365
1
211
364
1
211
363
1
213
362
1
214
361
1
215
361
1
217
361
1
216
361
1
215
362
1
214
362
1
213
362
1
212
363
1
211
363
1
210
363
1
210
364
1
209
363
1
209
362
1
208
361
1
208
360
1
208
359
1
206
359
1
203
359
1
199
359
1
196
360
1
194
360
1
191
361
1
189
363
1
184
363
1
180
365
1
178
365
1
176
365
1
173
366
1
169
367
1
166
367
1
162
368
1
158
368
1
154
369
1
150
369
1
147
371
1
145
371
1
144
371
1
142
371
1
142
369
1
142
366
1
142
362
1
143
358
1
143
355
1
144
350
1
145
349
1
146
346
1
148
342
1
151
338
1
154
334
1
157
330
1
158
326
1
161
323
1
163
321
1
163
317
1
165
314
1
166
309
1
169
306
1
170
304
1
170
302
1
171
301
1
171
300
1
172
299
1
173
298
1
173
297
1
174
297
1
175
297
0
176
297
0
187
301
0
259
319
0
288
326
0
300
328
0
308
328
0
319
328
0
339
328
0
350
328
0
360
327
0
370
327
0
372
328
0
374
328
0
375
328
0
376
328
0
377
328
0
378
328
0
386
328
0
389
328
0
389
329
0
390
329
0
389
329
1
387
329
1
383
330
1
382
330
1
379
330
1
377
331
1
373
332
1
372
332
1
370
333
1
370
334
1
370
335
1
371
337
1
374
337
1
376
337
1
378
338
1
381
338
1
385
338
1
389
338
1
391
338
1
396
338
1
398
338
1
401
338
1
401
337
1
402
337
1
403
336
1
403
335
1
403
334
1
401
333
1
400
332
1
398
331
1
396
331
1
395
331
1
394
331
1
392
331
1
391
331
1
390
331
1
388
331
1
386
331
1
385
330
1
384
330
1
383
330
1
382
330
0
381
331
0
377
335
0
375
337
0
375
338
0
374
338
0
372
339
0
371
339
0
371
338
0
370
338
0
370
337
0
371
337
1
372
339
1
373
342
1
375
346
1
376
348
1
376
349
1
376
352
1
376
354
1
375
355
1
373
357
1
370
360
1
367
362
1
365
363
1
364
364
1
364
367
1
362
369
1
361
372
1
359
375
1
358
378
1
357
381
1
357
383
1
357
387
1
355
392
1
355
393
1
355
397
1
355
399
1
355
400
1
356
400
1
359
400
1
362
400
1
366
400
1
370
401
1
374
401
1
377
401
1
381
401
1
385
402
1
388
402
1
393
402
1
397
402
1
400
402
1
404
403
1
407
403
1
409
404
1
411
404
1
413
404
1
414
404
1
415
404
1
415
402
1
415
398
1
415
396
1
415
393
1
415
392
1
415
390
1
414
387
1
413
384
1
412
382
1
412
380
1
411
378
1
408
375
1
407
374
1
407
372
1
406
371
1
404
369
1
402
367
1
401
365
1
400
364
1
399
361
1
397
360
1
397
357
1
397
356
1
397
353
1
397
352
1
398
351
1
399
348
1
399
347
1
400
345
1
402
344
1
403
343
1
403
342
1
404
341
1
405
341
1
405
340
1
405
339
1
406
338
1
406
337
1
406
336
1
406
335
1
405
333
1
404
333
1
401
333
0
393
337
0
385
346
0
382
352
0
381
359
0
381
361
0
381
362
0
381
363
0
381
364
0
380
364
0
378
365
0
377
365
0
377
366
1
377
367
1
378
369
1
378
372
1
378
374
1
378
376
1
378
379
1
378
382
1
378
384
1
378
386
1
378
387
1
378
389
1
378
390
1
378
391
1
378
387
0
378
382
0
378
380
0
379
379
0
380
378
0
380
377
0
381
376
0
382
375
0
383
374
0
384
373
0
384
372
0
385
371
0
385
370
0
385
369
0
385
370
1
385
373
1
385
375
1
385
376
1
385
378
1
385
380
1
385
382
1
385
383
1
385
384
1
385
385
1
385
387
1
385
388
1
384
385
0
384
380
0
384
378
0
384
376
0
384
374
0
384
372
0
384
371
0
384
369
0
384
368
0
384
367
0
384
366
0
385
366
1
386
367
1
388
370
1
388
372
1
389
374
1
389
376
1
389
377
1
389
379
1
389
380
1
389
382
1
389
383
1
389
384
1
390
384
1
390
385
1
390
386
1
390
387
1
391
388
1
391
389
1
391
390
1
392
390
1
392
391
1
392
390
1
392
388
1
392
386
1
392
384
1
392
382
1
392
380
1
392
378
1
391
375
1
391
373
1
391
372
1
391
371
1
391
370
1
391
369
1
391
367
1
391
366
1
391
365
1
390
366
0
390
368
0
390
369
0
391
370
0
393
370
0
394
370
0
395
370
0
396
370
0
396
369
0
396
371
1
396
373
1
396
375
1
396
378
1
396
379
1
396
381
1
396
383
1
396
384
1
396
385
1
396
386
1
396
387
1
396
389
1
396
390
1
395
390
1
395
385
0
395
382
0
395
381
0
395
380
0
395
379
0
395
378
0
395
377
0
396
377
1
396
378
1
397
379
1
397
380
1
397
381
1
397
382
1
398
383
1
398
384
1
399
385
1
400
385
1
400
386
1
401
386
1
401
387
1
402
388
1
402
389
1
403
390
1
404
391
1
405
392
1
405
393
1
406
393
1
404
392
0
404
390
0
402
389
0
401
388
0
401
387
0
401
386
0
401
385
0
400
383
0
399
383
0
399
382
0
399
381
0
399
380
0
398
380
0
398
379
1
399
378
1
400
377
1
401
375
1
402
374
1
402
373
1
403
372
1
404
371
1
404
370
1
402
370
0
400
370
0
398
367
0
