286
273
1
284
274
1
283
274
1
283
273
1
283
272
1
283
271
1
283
269
1
283
266
1
283
264
1
283
263
1
282
261
1
282
260
1
281
258
1
281
256
1
280
254
1
280
252
1
280
250
1
279
249
1
279
246
1
279
243
1
279
241
1
279
239
1
279
238
1
279
237
1
279
236
1
279
235
1
279
233
1
280
232
1
280
231
1
281
228
1
283
226
1
284
223
1
284
222
1
285
221
1
286
219
1
287
218
1
288
217
1
289
216
1
290
214
1
292
213
1
293
212
1
294
210
1
296
208
1
297
207
1
299
206
1
301
205
1
302
204
1
305
204
1
306
204
1
308
203
1
310
203
1
312
203
1
313
202
1
314
202
1
316
202
1
317
202
1
318
202
1
320
202
1
321
202
1
323
202
1
325
202
1
327
202
1
329
202
1
331
202
1
333
202
1
335
202
1
337
202
1
339
203
1
341
203
1
343
204
1
344
205
1
345
205
1
348
207
1
350
208
1
351
209
1
353
210
1
354
212
1
355
213
1
356
214
1
357
215
1
358
217
1
359
218
1
360
220
1
361
222
1
361
223
1
362
225
1
363
227
1
363
229
1
364
231
1
364
234
1
365
237
1
365
240
1
366
242
1
366
244
1
366
245
1
366
247
1
366
248
1
367
250
1
367
251
1
367
252
1
367
254
1
367
255
1
367
257
1
367
258
1
367
260
1
367
261
1
367
262
1
367
263
1
367
265
1
367
266
1
366
266
1
366
267
1
366
269
1
365
270
1
365
271
1
365
272
1
364
273
1
364
274
1
364
275
1
363
275
1
363
276
1
362
277
1
362
278
1
361
278
1
360
278
1
359
279
1
358
280
1
356
280
1
354
281
1
352
282
1
351
283
1
349
283
1
347
284
1
345
284
1
344
285
1
341
286
1
338
286
1
336
286
1
334
287
1
331
287
1
329
287
1
327
287
1
326
287
1
324
287
1
322
287
1
320
287
1
318
287
1
316
287
1
315
287
1
313
287
1
312
287
1
311
287
1
309
287
1
307
287
1
305
287
1
304
286
1
302
286
1
301
286
1
300
286
1
298
285
1
297
285
1
296
285
1
295
285
1
293
284
1
292
284
1
291
284
1
290
283
1
289
283
1
289
282
1
288
282
1
287
281
1
286
281
1
286
280
1
285
280
1
285
279
1
284
278
1
284
277
1
283
276
1
283
275
1
283
274
1
283
273
0
282
273
0
281
275
0
281
277
0
281
278
0
282
279
0
283
280
0
284
281
0
286
281
0
287
281
0
288
281
0
289
280
0
290
280
0
291
280
0
293
280
0
294
279
0
295
278
0
294
277
0
294
276
0
294
275
0
295
274
0
296
273
0
296
271
0
297
270
0
298
269
0
298
270
0
299
271
0
300
272
0
301
271
0
302
270
0
303
270
0
304
270
0
305
270
0
306
271
0
307
272
0
308
273
0
309
273
0
310
273
0
310
274
0
310
275
0
309
278
0
309
281
0
309
283
0
309
284
0
308
285
0
307
286
0
306
285
0
306
284
0
308
283
1
307
282
1
306
281
1
305
280
1
304
280
1
304
279
1
303
278
1
302
276
1
301
274
1
301
273
1
300
271
1
300
270
1
300
269
1
300
268
1
300
267
1
300
266
1
299
266
1
300
266
1
301
266
1
303
265
1
305
265
1
305
264
1
304
264
1
302
265
1
300
265
1
299
265
1
298
265
1
297
265
1
296
265
1
295
264
1
294
263
1
294
262
1
294
260
1
294
259
1
294
258
1
294
257
1
294
256
1
295
255
1
295
254
1
296
254
1
296
253
1
297
253
1
298
253
1
299
252
1
300
252
1
301
252
1
302
252
1
302
251
1
300
251
0
299
251
0
297
252
0
296
252
0
295
253
0
295
254
0
296
253
0
298
253
0
299
252
0
300
251
0
299
252
0
298
254
0
298
252
1
298
251
1
298
249
1
298
248
1
298
246
1
298
245
1
298
244
1
298
242
1
298
241
1
298
239
1
298
238
1
298
237
1
299
236
1
299
235
1
299
234
1
299
233
1
300
232
1
300
231
1
301
231
1
302
230
1
303
229
1
303
228
1
304
227
1
305
226
1
306
225
1
308
224
1
309
223
1
310
222
1
311
221
1
312
220
1
313
218
1
313
217
1
313
216
1
313
214
1
313
213
1
313
212
1
313
210
1
312
209
1
313
210
1
315
212
1
317
214
1
318
216
1
318
217
1
318
218
1
318
220
1
318
219
1
317
216
1
316
214
1
316
212
1
315
211
1
315
209
1
315
208
1
315
207
1
316
209
1
318
212
1
319
215
1
320
217
1
320
218
1
320
219
1
321
220
1
321
219
1
320
215
1
319
212
1
319
210
1
319
209
1
318
208
1
319
208
1
321
209
1
323
211
1
324
213
1
325
214
1
326
216
1
326
217
1
326
218
1
326
219
1
326
220
1
327
220
1
327
221
1
327
222
1
328
222
1
329
223
1
330
223
1
330
224
1
331
225
1
332
225
1
333
226
1
334
227
1
335
228
1
336
229
1
337
230
1
337
231
1
338
232
1
339
233
1
340
236
1
341
238
1
341
239
1
341
240
1
342
243
1
342
245
1
343
247
1
343
250
1
344
251
1
344
252
1
344
253
1
344
255
1
344
256
1
344
257
1
344
259
1
344
260
1
344
262
1
344
263
1
344
264
1
344
265
1
344
266
1
344
268
1
344
269
1
344
270
1
343
272
1
342
273
1
342
274
1
341
275
1
341
276
1
340
277
1
340
278
1
339
278
1
339
279
1
338
280
1
337
281
1
337
282
1
336
283
1
336
284
1
335
284
1
334
285
1
334
286
1
333
286
1
333
287
1
333
283
0
333
282
0
333
280
0
332
281
0
331
281
0
329
279
0
328
274
0
328
266
0
328
259
0
327
252
0
325
246
0
324
242
0
323
234
0
323
232
0
323
231
0
323
232
0
324
233
0
325
234
0
325
236
0
325
237
0
324
238
0
323
240
0
323
239
0
323
238
0
322
237
0
320
237
0
320
236
0
320
233
0
321
234
0
322
235
0
322
236
1
322
237
1
323
237
1
323
236
1
322
236
1
322
235
1
321
235
1
320
235
1
319
235
1
318
235
1
317
235
1
316
235
1
316
236
1
315
237
1
314
238
1
314
240
1
314
242
1
314
243
1
314
244
1
314
245
1
313
245
1
312
242
0
313
239
0
315
236
0
319
235
0
322
234
0
324
233
0
326
233
0
328
232
0
329
232
0
331
232
0
332
232
0
333
232
0
334
233
0
335
234
0
336
234
0
337
234
0
338
234
0
338
235
1
337
236
1
336
236
1
335
236
1
334
236
1
333
235
1
332
235
1
331
235
1
330
237
1
330
239
1
330
240
1
329
240
1
329
238
0
330
237
0
330
238
0
329
241
0
328
243
0
327
246
0
326
247
0
325
248
0
324
248
0
323
248
0
322
251
1
322
253
1
322
254
1
322
253
1
322
250
1
322
248
1
322
250
1
320
250
0
322
251
0
325
253
0
328
256
0
332
257
0
333
257
0
334
253
0
334
252
0
335
250
0
335
248
0
335
247
0
336
247
0
337
247
0
339
246
0
339
248
1
339
249
1
339
251
1
337
249
1
336
246
1
336
247
1
337
249
1
337
250
1
337
249
1
337
246
1
338
249
1
338
250
1
338
249
0
338
246
0
337
246
0
336
247
0
336
248
0
335
249
0
335
250
0
334
251
0
334
253
0
333
254
0
332
254
0
331
255
0
330
256
0
330
257
0
329
258
0
329
259
0
329
260
0
328
261
0
328
262
0
328
263
0
328
264
0
328
265
0
327
266
0
327
265
0
327
264
0
327
263
0
327
261
0
327
260
0
328
259
0
328
258
0
328
257
1
330
256
1
331
256
1
331
255
1
332
255
1
333
255
1
334
255
1
335
255
1
336
255
1
337
256
1
338
257
1
338
258
1
338
259
1
338
260
1
337
261
1
336
262
1
336
263
1
335
263
1
334
264
1
333
264
1
332
264
1
331
264
1
330
265
1
327
264
0
326
264
0
325
265
0
324
267
0
324
268
0
324
269
0
324
270
0
324
271
0
324
272
0
324
273
0
324
274
0
324
275
0
325
277
0
326
278
0
326
279
0
327
280
0
329
280
0
329
279
0
330
276
0
330
275
0
330
274
0
330
272
0
330
271
0
329
270
1
328
270
1
327
270
1
326
270
1
325
270
1
324
271
1
323
272
1
323
273
1
323
274
1
323
275
1
323
276
1
323
277
1
324
277
1
325
277
1
327
277
1
329
277
1
330
277
1
331
277
1
331
276
1
332
276
1
332
274
1
332
273
1
332
272
1
332
271
1
332
270
1
331
270
1
330
270
1
328
270
1
326
269
0
324
269
0
322
269
0
321
272
0
320
274
0
319
275
0
318
278
0
318
279
0
316
282
0
315
283
0
313
286
0
310
289
0
309
290
0
310
289
0
320
279
0
322
276
0
325
275
0
333
273
0
338
272
0
340
271
0
341
270
0
339
270
0
331
272
0
324
273
0
316
274
0
308
274
0
305
274
0
302
274
0
300
274
0
298
274
0
297
273
0
296
273
0
295
273
0
294
274
0
292
275
0
291
275
0
290
275
0
289
276
0
288
276
0
286
277
0
285
278
0
284
278
0
283
278
0
283
277
0
284
277
0
285
278
1
287
277
1
289
277
1
290
276
1
292
275
1
293
275
1
294
275
1
295
275
1
296
274
1
297
274
1
298
274
1
299
274
1
300
274
1
300
273
1
301
273
1
301
271
0
303
270
0
305
270
0
307
272
0
310
276
0
314
278
0
319
278
0
323
278
0
327
278
0
330
278
0
336
277
0
337
276
0
340
275
0
343
274
0
346
274
0
347
273
0
348
273
0
347
272
0
346
272
0
345
272
0
344
271
0
343
270
0
342
270
1
342
271
1
343
272
1
344
272
1
346
272
1
350
272
1
352
272
1
353
272
1
354
272
1
356
272
1
357
272
1
359
272
1
360
272
1
361
273
1
362
273
1
363
273
1
364
273
1
364
274
1
363
273
0
362
272
0
358
273
0
355
275
0
353
277
0
350
280
0
349
281
0
347
282
0
346
283
0
343
284
0
342
285
0
340
286
0
338
287
0
334
289
0
333
290
0
328
292
0
324
295
0
318
299
0
311
302
0
300
306
0
296
309
0
292
310
0
292
309
0
292
308
0
292
307
0
292
306
0
292
303
0
292
302
0
292
301
0
293
300
0
293
299
0
293
298
0
293
296
0
292
293
0
291
290
0
290
289
0
289
287
0
288
286
0
287
285
0
286
285
0
285
285
0
284
285
0
283
285
1
284
287
1
287
288
1
289
290
1
292
291
1
295
292
1
296
292
1
299
293
1
300
293
1
303
293
1
305
294
1
307
294
1
308
294
1
310
294
1
313
294
1
315
294
1
316
294
1
318
295
1
320
295
1
321
295
1
324
295
1
325
295
1
327
294
1
329
294
1
331
293
1
332
293
1
334
293
1
335
292
1
337
292
1
338
291
1
340
291
1
341
290
1
343
290
1
344
290
1
345
290
1
347
289
1
348
289
1
350
288
1
352
288
1
353
287
1
354
287
1
356
287
1
357
286
1
358
286
1
358
285
1
359
285
1
360
284
1
361
283
1
363
282
1
364
281
1
365
281
1
366
280
1
366
279
1
366
278
1
366
277
1
366
276
1
365
275
1
364
275
1
363
275
1
362
278
0
358
281
0
350
287
0
343
289
0
334
291
0
327
292
0
320
292
0
315
291
0
313
290
0
311
288
0
310
287
0
309
286
0
308
285
0
306
285
0
304
285
0
302
286
0
298
286
0
295
286
0
293
285
0
291
285
0
289
285
0
288
285
0
287
284
0
286
284
0
285
283
0
284
282
0
283
284
0
284
285
0
284
286
0
285
287
1
286
284
1
287
282
1
288
281
1
288
280
1
288
282
0
287
287
0
287
293
0
287
296
0
288
300
0
289
304
0
298
310
0
309
328
0
313
355
0
313
360
0
312
360
0
311
344
0
311
341
0
311
338
0
310
333
0
310
331
0
309
324
0
308
322
0
304
320
0
303
319
0
302
317
0
301
315
0
299
311
0
299
308
0
297
305
0
297
303
0
296
301
0
296
297
0
295
294
0
294
291
0
293
290
0
293
288
0
293
285
0
293
284
0
293
281
0
294
280
0
295
280
0
296
281
0
296
284
0
296
285
0
294
287
0
293
288
0
291
290
0
290
291
0
288
293
0
287
290
0
287
289
0
286
286
0
286
285
0
285
285
0
284
286
0
284
287
0
283
288
0
282
289
1
279
290
1
275
293
1
272
295
1
270
297
1
268
299
1
267
300
1
266
301
1
266
300
0
264
307
0
260
315
0
258
318
0
257
322
0
255
325
0
253
329
0
252
331
0
252
333
0
251
334
0
251
335
0
250
337
0
249
338
0
248
340
1
248
339
1
248
338
1
248
335
1
248
333
1
248
330
1
249
326
1
250
323
1
251
320
1
252
317
1
253
315
1
254
313
1
256
311
1
257
309
1
258
308
1
259
307
1
260
306
1
261
306
1
263
304
1
264
304
1
265
304
1
266
303
1
267
303
1
268
303
1
269
303
1
272
304
1
274
304
1
275
305
1
276
306
1
278
308
1
280
309
1
281
311
1
283
312
1
284
314
1
285
315
1
287
317
1
288
319
1
290
322
1
291
323
1
293
326
1
294
327
1
294
329
1
295
331
1
296
332
1
296
334
1
297
335
1
297
336
1
297
337
1
297
338
1
297
340
1
298
342
1
297
334
0
294
323
0
290
317
0
288
314
0
284
310
0
283
309
0
280
306
0
278
304
0
277
302
0
274
300
0
272
300
0
271
300
0
269
300
0
268
300
0
267
301
0
266
301
1
268
301
1
271
302
1
273
302
1
275
303
1
277
303
1
279
304
1
280
304
1
281
305
1
283
306
1
284
307
1
287
309
1
288
310
1
289
312
1
290
313
1
291
315
1
292
316
1
293
317
1
294
318
1
295
319
1
296
321
1
297
323
1
298
325
1
299
326
1
299
328
1
300
330
1
300
331
1
301
333
1
301
334
1
301
335
1
301
336
1
302
337
1
302
338
1
302
339
1
302
340
1
302
341
1
302
340
1
302
339
1
301
336
0
302
335
0
305
333
0
310
332
0
316
331
0
320
331
0
325
331
0
330
331
0
334
331
0
338
329
0
341
328
0
344
327
0
349
326
0
352
325
0
354
325
0
355
324
0
357
323
0
358
323
0
359
322
0
360
322
0
361
322
0
361
323
0
361
326
0
362
327
0
362
329
0
363
333
0
364
334
0
365
334
0
365
332
0
365
330
0
366
329
1
366
328
1
366
327
1
366
325
1
365
323
1
364
321
1
363
318
1
361
316
1
359
314
1
358
313
1
355
312
1
353
311
1
351
311
1
348
311
1
346
311
1
344
313
1
342
314
1
340
315
1
339
317
1
337
319
1
336
321
1
336
322
1
335
324
1
335
326
1
335
329
1
335
331
1
335
333
1
336
335
1
338
336
1
339
337
1
340
338
1
343
339
1
345
340
1
347
340
1
349
340
1
351
340
1
352
340
1
354
340
1
355
340
1
356
340
1
357
339
1
358
338
1
359
337
1
360
337
1
360
336
1
361
336
1
362
335
1
362
334
1
363
333
1
363
332
1
364
332
1
364
331
1
364
330
1
365
329
1
365
328
1
365
327
1
365
326
1
365
325
1
365
324
1
365
323
1
364
323
1
364
321
0
363
320
0
362
321
0
361
321
0
360
321
0
359
321
1
357
320
1
356
319
1
356
318
1
355
317
1
354
316
1
353
315
1
352
315
1
351
315
1
350
315
1
349
315
1
348
315
1
347
315
1
346
316
1
345
317
1
345
318
1
344
319
1
344
320
1
343
321
1
343
323
1
343
324
1
343
326
1
343
327
1
343
328
1
343
330
1
343
331
1
343
332
1
344
333
1
344
334
1
345
335
1
346
336
1
347
336
1
348
336
1
349
336
1
350
336
1
351
336
1
352
336
1
353
336
1
354
336
1
355
335
1
356
334
1
357
333
1
358
332
1
358
331
1
358
330
1
359
329
1
359
328
1
359
327
1
359
326
1
359
325
1
359
324
1
359
323
1
359
322
1
359
321
1
359
320
1
358
319
1
358
318
0
359
317
0
361
317
0
362
317
0
369
315
0
379
311
0
379
308
0
380
307
0
379
305
0
378
304
0
375
301
0
374
295
0
373
290
0
373
284
0
373
283
0
372
281
0
371
280
0
370
280
0
369
280
0
368
279
0
366
279
0
365
279
0
364
279
0
363
279
0
363
278
0
364
277
1
365
278
1
368
279
1
371
280
1
374
282
1
375
283
1
377
285
1
378
287
1
379
289
1
380
290
1
380
292
1
381
294
1
381
296
1
382
298
1
382
299
1
382
301
1
383
304
1
383
307
1
384
310
1
384
312
1
384
313
1
384
315
1
384
317
1
384
320
1
385
322
1
385
324
1
385
326
1
385
328
1
385
330
1
385
332
1
385
333
1
385
334
1
385
335
1
385
336
1
385
333
0
385
327
0
385
324
0
384
323
0
384
322
0
384
319
0
383
318
0
383
316
0
382
315
0
381
312
0
380
310
0
379
309
0
379
308
0
379
307
0
378
305
0
378
304
0
377
303
0
377
302
0
376
301
0
376
300
0
376
299
0
375
298
0
375
297
0
375
296
0
374
294
0
374
293
0
374
292
0
375
291
0
375
290
0
376
289
0
378
289
0
379
288
0
381
289
1
383
290
1
384
290
1
385
291
1
387
292
1
387
293
1
388
294
1
388
296
1
388
297
1
389
298
1
389
300
1
389
302
1
390
304
1
390
306
1
391
308
1
391
311
1
391
313
1
392
316
1
392
317
1
392
319
1
392
320
1
392
322
1
393
324
1
393
325
1
393
326
1
393
327
1
393
328
1
393
329
1
393
331
1
393
332
1
393
333
1
393
334
1
393
335
1
393
336
1
393
332
0
393
328
0
391
328
0
388
329
0
386
332
0
385
333
0
385
334
0
384
335
0
382
335
0
381
336
0
381
335
0
380
334
0
380
332
0
379
332
0
378
331
0
376
330
0
372
328
0
364
327
0
359
326
0
354
325
0
343
335
0
337
342
0
337
341
0
