53
222
1
89
300
0
106
328
0
121
367
0
147
393
0
180
413
0
186
418
0
192
396
0
183
348
0
171
327
0
156
322
0
148
326
0
161
327
0
208
286
0
261
262
0
280
243
0
269
232
0
242
220
0
210
227
0
197
255
0
200
285
0
221
297
0
250
288
0
274
262
0
293
236
0
294
224
0
289
224
0
287
226
0
289
229
0
298
229
0
313
216
0
325
208
0
338
215
0
345
222
0
344
224
0
344
226
0
348
227
0
358
227
0
362
228
0
363
229
0
360
230
0
363
229
0
357
237
0
357
239
0
357
240
0
356
241
0
356
242
0
354
243
1
354
242
1
355
242
1
356
242
1
359
240
1
361
238
1
362
236
1
363
234
1
363
232
1
363
230
1
363
229
1
364
229
1
366
229
1
368
229
1
370
227
1
372
224
1
372
223
1
372
221
1
372
219
1
371
217
1
370
216
1
368
215
1
367
214
1
365
213
1
363
213
1
362
213
1
361
213
1
359
213
1
358
211
1
356
210
1
354
209
1
353
208
1
351
207
1
349
207
1
347
206
1
345
206
1
343
206
1
341
206
1
339
206
1
338
206
1
335
207
1
332
209
1
330
211
1
328
213
1
326
214
1
324
215
1
323
216
1
322
217
1
321
218
1
319
218
1
318
218
1
317
219
1
316
220
1
315
223
1
314
226
1
313
228
1
313
230
1
311
234
1
311
236
1
309
240
1
309
243
1
307
247
1
306
251
1
305
255
1
304
258
1
303
261
1
303
262
1
302
263
1
304
264
1
307
264
1
309
264
1
312
264
1
315
264
1
318
264
1
321
265
1
323
265
1
325
265
1
327
265
1
329
265
1
331
266
1
332
266
1
333
266
1
334
264
1
336
263
1
337
263
1
338
263
1
339
263
1
341
264
1
341
265
1
342
265
1
343
267
1
343
268
1
343
269
1
343
270
1
343
271
1
343
272
1
346
272
1
348
272
1
350
270
1
351
268
1
352
267
1
352
265
1
353
263
1
353
262
1
354
259
1
354
256
1
355
254
1
355
253
1
355
251
1
354
250
1
352
248
1
350
247
1
349
247
1
347
246
1
345
246
1
343
246
1
341
246
1
338
246
1
337
246
1
336
246
1
335
246
1
334
246
1
333
246
1
333
247
1
335
246
0
340
246
0
344
246
0
347
248
0
348
249
0
350
251
0
351
252
0
352
253
0
353
254
0
354
254
0
355
254
0
356
255
0
357
252
1
357
250
1
358
249
1
358
247
1
358
245
1
358
244
1
358
242
1
358
241
1
358
239
1
357
238
1
355
236
1
354
235
1
353
234
1
352
233
1
352
232
1
351
232
1
349
231
1
348
231
1
346
231
1
344
231
1
341
231
1
339
231
1
337
231
1
336
231
1
335
231
1
333
232
1
332
232
1
331
232
1
330
232
1
329
232
1
335
229
0
340
227
0
345
227
0
349
227
0
352
229
0
355
230
0
358
231
0
360
231
0
361
231
0
363
232
0
364
232
0
363
231
1
362
229
1
361
228
1
360
227
1
359
226
1
357
225
1
356
224
1
355
223
1
354
223
1
352
222
1
351
221
1
350
220
1
349
220
1
348
219
1
347
219
1
346
218
1
345
218
1
343
217
1
342
217
1
341
217
1
339
217
1
338
217
1
336
217
1
335
217
1
334
217
1
332
217
1
331
218
1
330
218
1
330
219
1
329
219
1
330
218
0
329
217
0
325
221
0
325
222
0
324
219
0
322
213
0
323
197
0
326
186
0
325
182
0
323
183
0
323
185
0
326
188
0
327
191
0
328
193
0
329
199
0
330
201
0
331
203
0
331
204
0
332
207
0
334
207
0
335
206
0
335
205
1
335
202
1
335
199
1
335
196
1
335
193
1
335
191
1
335
189
1
335
187
1
335
185
1
335
182
1
335
180
1
335
178
1
335
175
1
335
173
1
335
170
1
335
168
1
335
166
1
335
162
1
335
159
1
336
156
1
336
154
1
336
153
1
336
152
1
336
150
1
336
148
1
336
146
1
336
145
1
336
149
0
335
156
0
336
165
0
338
170
0
339
175
0
340
181
0
341
185
0
342
187
0
342
191
0
342
193
0
342
194
0
342
197
0
342
200
0
342
201
0
342
202
0
343
203
0
344
204
0
345
203
1
345
200
1
345
198
1
345
196
1
345
193
1
345
191
1
345
189
1
345
187
1
345
184
1
345
181
1
344
178
1
344
175
1
344
173
1
344
169
1
344
167
1
344
165
1
344
162
1
344
159
1
344
157
1
344
153
1
344
149
1
344
147
1
344
146
1
343
145
1
343
148
0
339
163
0
335
173
0
334
195
0
334
218
0
331
251
0
319
282
0
313
291
0
311
291
0
307
291
0
301
291
0
298
289
0
300
282
0
301
271
0
301
265
0
302
263
0
303
262
0
304
258
0
304
257
0
305
256
0
305
255
0
304
252
0
302
252
1
300
252
1
299
252
1
297
252
1
294
252
1
293
253
1
290
254
1
288
254
1
287
255
1
286
256
1
284
257
1
283
258
1
282
259
1
282
261
1
281
261
1
281
263
1
281
265
1
281
267
1
281
268
1
281
270
1
281
273
1
282
275
1
282
277
1
282
279
1
282
280
1
283
282
1
283
283
1
284
283
1
288
283
1
291
284
1
294
284
1
297
282
1
300
282
1
303
281
1
307
280
1
310
279
1
313
278
1
315
277
1
317
277
1
318
276
1
320
276
1
322
275
1
323
275
1
324
274
1
326
274
1
327
273
1
328
273
1
329
272
1
330
272
1
330
271
1
331
270
1
331
268
1
331
267
1
331
266
1
330
265
1
329
264
1
327
264
1
325
264
1
323
264
1
322
264
1
320
264
1
318
264
1
316
264
1
314
264
1
312
264
1
311
264
1
309
264
1
308
264
1
306
264
1
305
264
1
304
263
1
302
263
1
301
262
1
300
262
1
300
261
1
300
260
1
300
259
1
301
257
1
302
256
1
303
255
1
304
254
1
305
253
1
304
253
1
303
253
1
302
253
1
297
262
0
291
274
0
285
281
0
281
287
0
278
288
0
278
286
0
280
284
0
281
282
0
282
280
0
282
279
0
283
278
0
284
277
1
282
276
1
280
276
1
279
276
1
278
277
1
276
278
1
275
279
1
274
280
1
274
281
1
274
282
1
274
284
1
274
285
1
274
287
1
274
290
1
275
292
1
275
294
1
276
296
1
276
299
1
276
301
1
276
304
1
276
308
1
277
312
1
277
315
1
278
318
1
279
322
1
279
326
1
280
329
1
280
332
1
281
336
1
281
339
1
282
343
1
283
347
1
283
349
1
284
352
1
285
355
1
286
358
1
286
361
1
287
363
1
288
366
1
289
368
1
290
370
1
291
372
1
291
374
1
292
375
1
293
376
1
294
377
1
295
378
1
296
378
1
296
379
1
296
380
1
295
380
1
293
381
1
292
381
1
291
381
1
290
381
1
289
382
1
288
384
1
287
385
1
286
386
1
285
387
1
284
388
1
282
389
1
281
390
1
279
392
1
278
393
1
276
395
1
275
396
1
274
398
1
272
400
1
272
402
1
270
404
1
269
406
1
267
407
1
266
408
1
265
409
1
263
411
1
262
412
1
261
413
1
259
415
1
259
416
1
257
418
1
256
420
1
254
422
1
254
423
1
253
424
1
252
424
1
250
425
1
249
425
1
247
426
1
245
428
1
244
429
1
243
430
1
242
431
1
239
433
1
238
434
1
237
435
1
234
437
1
230
441
1
229
442
1
228
443
1
225
446
1
223
448
1
221
450
1
218
453
1
217
454
1
215
455
1
212
457
1
210
458
1
209
459
1
208
459
1
207
460
1
206
461
1
204
464
1
204
467
1
204
469
1
204
471
1
204
474
1
204
476
1
204
478
1
204
480
1
204
482
1
204
483
1
207
481
1
211
478
1
216
477
1
219
475
1
224
474
1
228
472
1
231
471
1
234
470
1
236
470
1
239
469
1
242
468
1
246
467
1
249
465
1
252
464
1
255
463
1
256
462
1
258
461
1
262
460
1
265
459
1
270
458
1
273
458
1
276
457
1
278
456
1
281
455
1
286
455
1
289
454
1
294
453
1
298
452
1
302
450
1
305
449
1
307
448
1
309
448
1
311
447
1
313
446
1
315
446
1
317
445
1
318
445
1
319
445
1
319
444
1
320
444
1
320
445
1
315
448
0
308
450
0
294
451
0
276
449
0
261
446
0
252
444
0
247
442
0
243
437
0
238
435
0
235
432
0
235
429
0
236
426
0
238
424
0
242
423
0
244
425
0
248
425
0
249
425
0
250
425
0
251
426
0
252
427
0
254
427
0
254
425
1
253
425
1
251
425
1
250
425
1
248
425
1
247
425
1
246
426
1
245
426
1
243
427
1
242
428
1
241
430
1
240
432
1
240
434
1
239
436
1
238
439
1
237
441
1
237
443
1
237
445
1
237
446
1
237
447
1
237
448
1
239
449
1
241
449
1
244
449
1
246
448
1
248
448
1
249
448
1
251
447
1
253
447
1
255
446
1
255
444
0
255
442
0
256
438
0
259
435
0
263
435
0
270
438
0
283
441
0
295
438
0
302
426
0
303
408
0
305
401
0
307
395
0
309
388
0
310
384
0
310
380
0
312
370
0
314
359
0
316
346
0
321
325
0
326
296
0
326
266
0
325
256
0
327
255
0
328
259
0
328
262
0
330
264
0
334
265
0
337
268
0
341
271
0
343
274
0
344
275
0
346
276
0
349
277
0
350
278
0
349
277
0
348
276
0
346
275
0
346
274
0
345
274
0
344
275
1
344
277
1
345
279
1
345
281
1
346
284
1
346
286
1
347
288
1
348
290
1
349
291
1
349
293
1
350
294
1
350
295
1
350
297
1
351
299
1
351
302
1
351
303
1
351
304
1
351
305
1
351
306
1
348
310
0
340
325
0
336
338
0
332
349
0
328
363
0
325
381
0
323
398
0
322
409
0
322
416
0
320
420
0
319
424
0
319
425
0
318
424
0
316
427
0
316
430
0
316
436
0
316
441
0
316
443
0
318
448
0
318
451
0
320
453
0
321
453
0
322
453
0
323
451
0
323
448
0
323
447
0
322
446
0
321
445
0
319
440
0
316
427
0
317
417
0
319
410
0
320
403
0
320
397
0
320
395
0
320
394
0
319
394
1
318
396
1
316
399
1
315
400
1
314
402
1
313
404
1
312
405
1
311
405
1
309
405
1
308
405
1
307
404
1
306
403
1
305
402
1
304
401
1
304
399
1
304
398
1
304
397
1
304
396
1
304
394
1
304
392
1
305
391
1
306
389
1
307
386
1
307
385
1
308
383
1
309
380
1
310
378
1
310
374
1
311
371
1
311
369
1
312
367
1
312
365
1
313
363
1
313
361
1
314
360
1
316
358
1
317
356
1
319
353
1
320
352
1
321
349
1
323
347
1
324
346
1
325
343
1
327
341
1
329
339
1
330
338
1
332
337
1
334
337
1
335
337
1
336
338
1
337
339
1
337
341
1
338
343
1
338
345
1
338
347
1
338
349
1
337
351
1
337
352
1
337
351
1
335
349
0
333
352
0
331
356
0
330
358
0
329
359
0
328
358
0
328
357
0
328
356
0
328
355
0
328
354
1
328
355
1
329
358
1
329
360
1
329
362
1
328
363
1
327
365
1
326
366
1
325
368
1
323
369
1
322
371
1
322
372
1
321
373
1
321
374
1
320
376
1
320
378
1
320
379
1
320
380
1
320
381
1
319
382
1
318
383
1
317
384
1
316
384
1
317
377
0
320
371
0
324
365
0
330
358
0
334
349
0
338
344
0
343
338
0
348
332
0
351
328
0
349
330
0
348
331
0
346
334
0
341
339
0
339
343
0
338
344
0
337
348
0
337
351
0
338
349
0
339
347
0
340
346
0
340
345
0
339
344
0
338
343
1
338
342
1
338
338
1
338
335
1
338
333
1
338
330
1
338
327
1
338
325
1
338
322
1
338
320
1
339
318
1
340
316
1
340
314
1
342
311
1
343
310
1
344
309
1
346
307
1
348
306
1
350
304
1
351
303
1
354
302
1
357
301
1
360
300
1
363
299
1
365
299
1
367
299
1
368
300
1
370
301
1
372
302
1
373
303
1
374
303
1
374
304
1
375
305
1
373
307
1
371
311
1
367
316
1
365
319
1
363
322
1
361
325
1
360
329
1
359
331
1
358
334
1
356
336
1
356
337
1
355
340
1
354
341
1
353
342
1
353
343
1
352
344
1
352
345
1
352
346
1
351
346
1
350
346
1
348
345
1
347
345
1
346
344
1
345
344
1
344
343
1
343
343
1
342
343
1
341
342
1
340
342
1
339
342
1
338
342
1
337
342
0
339
337
0
347
329
0
360
322
0
365
319
0
368
318
0
397
302
0
413
295
0
414
294
0
406
304
0
405
312
0
405
315
0
396
323
0
387
330
0
386
330
0
383
329
0
381
328
0
377
327
0
373
325
0
372
322
0
371
319
0
369
317
1
367
316
1
367
315
1
370
317
1
372
321
1
375
323
1
378
325
1
381
327
1
384
329
1
387
330
1
389
331
1
391
331
1
393
332
1
395
332
1
397
333
1
400
334
1
402
334
1
403
334
1
404
334
1
405
334
1
407
336
1
409
338
1
410
339
1
412
341
1
415
343
1
419
344
1
422
345
1
426
345
1
429
345
1
431
345
1
434
345
1
438
345
1
440
345
1
441
344
1
441
343
1
441
342
1
442
342
1
443
342
1
445
342
1
448
343
1
451
346
1
453
347
1
457
347
1
461
348
1
464
348
1
467
347
1
470
347
1
473
347
1
477
349
1
478
349
1
479
350
1
480
351
1
481
353
1
483
357
1
484
359
1
485
360
1
486
361
1
488
363
1
491
364
1
492
360
1
493
357
1
493
356
1
495
357
1
497
357
1
498
357
1
499
353
1
499
348
1
497
345
1
495
341
1
492
338
1
489
335
1
486
334
1
484
333
1
481
333
1
479
333
1
477
333
1
482
335
1
485
336
1
486
335
1
487
333
1
487
329
1
487
326
1
486
324
1
485
323
1
483
321
1
481
319
1
479
317
1
476
316
1
474
315
1
473
315
1
473
314
1
473
313
1
472
311
1
470
308
1
468
306
1
465
304
1
463
304
1
460
304
1
457
303
1
453
303
1
450
303
1
446
303
1
441
302
1
438
301
1
435
301
1
433
301
1
431
300
1
429
300
1
428
300
1
425
300
1
423
300
1
422
300
1
420
300
1
417
300
1
416
300
1
414
300
1
412
299
1
409
299
1
405
299
1
403
299
1
402
299
1
401
299
1
400
299
1
399
299
1
398
299
1
397
299
1
397
298
1
400
297
1
404
296
1
407
296
1
409
295
1
411
294
1
414
294
1
416
294
1
419
294
1
422
295
1
423
296
1
425
296
1
426
297
1
427
298
1
429
299
1
430
300
1
431
301
1
431
302
1
431
303
1
430
302
0
424
298
0
419
297
0
416
296
0
413
294
0
409
294
0
406
294
0
403
295
0
400
297
0
399
298
0
397
299
0
395
300
0
394
300
0
396
299
1
399
298
1
402
296
1
405
294
1
408
292
1
410
291
1
412
290
1
415
289
1
417
288
1
419
288
1
422
288
1
421
287
1
418
287
1
413
287
1
411
288
1
408
289
1
405
291
1
402
292
1
400
292
1
396
293
1
393
295
1
389
295
1
387
297
1
385
298
1
384
298
1
383
299
1
383
297
1
382
292
1
381
290
1
381
289
1
379
290
1
378
295
1
377
297
1
377
299
1
376
301
1
375
303
1
375
306
1
375
307
1
376
309
1
377
313
1
379
315
1
380
318
1
383
320
1
387
323
1
390
324
1
394
325
1
398
325
1
402
326
1
405
327
1
406
328
1
405
320
0
405
316
0
405
314
0
405
308
0
404
305
0
403
305
0
401
306
0
400
306
0
399
307
0
398
308
0
398
309
1
399
309
1
404
308
1
407
308
1
411
308
1
415
309
1
418
310
1
420
311
1
423
311
1
425
312
1
427
313
1
429
313
1
432
314
1
434
316
1
437
318
1
438
319
1
440
321
1
441
323
1
442
323
1
442
324
1
443
325
1
443
326
1
444
326
1
445
327
1
446
327
1
448
328
1
452
329
1
453
329
1
451
329
1
448
328
1
445
327
1
443
327
1
440
325
1
437
325
1
434
324
1
430
324
1
428
324
1
424
324
1
422
324
1
420
325
1
418
326
1
416
327
1
415
329
1
413
330
1
412
332
1
410
334
1
409
335
1
409
336
1
411
333
0
414
331
0
418
330
0
420
331
0
421
331
0
422
332
0
423
332
0
424
332
0
425
332
0
427
332
1
430
334
1
434
335
1
438
335
1
442
335
1
447
335
1
451
335
1
455
334
1
459
334
1
463
334
1
466
334
1
468
334
1
471
333
1
472
332
1
472
331
1
471
331
1
468
331
1
465
331
1
462
330
1
459
329
1
458
328
1
455
327
1
454
326
1
452
325
1
450
324
1
449
323
1
446
322
1
443
321
1
441
320
1
439
318
1
438
318
1
436
317
1
435
316
1
434
315
1
433
314
1
433
313
0
433
317
0
436
322
0
439
328
0
443
336
0
447
340
0
448
341
0
450
342
0
452
342
0
454
343
0
455
344
0
458
344
0
463
346
0
465
346
0
466
345
0
467
340
0
468
338
0
468
336
0
466
335
1
464
335
1
463
335
1
462
335
1
464
336
1
466
338
1
469
340
1
471
342
1
473
345
1
474
346
1
475
348
1
475
350
1
475
345
0
475
339
0
473
336
0
473
335
0
472
333
0
474
335
1
476
337
1
480
340
1
481
341
1
483
344
1
485
346
1
485
348
1
487
351
1
487
353
1
488
356
1
489
357
1
489
359
1
483
346
0
475
327
0
466
318
0
460
314
0
456
310
0
449
307
0
445
306
0
441
306
0
439
308
0
436
309
0
435
309
0
434
310
0
434
309
0
437
309
0
438
308
1
439
308
1
442
308
1
446
308
1
448
309
1
452
312
1
454
314
1
457
316
1
459
317
1
462
319
1
464
321
1
467
324
1
470
326
1
473
327
1
474
327
1
475
327
1
476
327
1
476
328
1
471
328
0
467
328
0
465
328
0
463
326
0
463
331
0
462
337
0
465
344
0
471
356
0
472
361
0
475
366
0
480
372
0
483
374
0
487
376
0
490
379
0
493
379
0
496
376
0
496
373
0
496
371
0
496
370
0
496
366
0
495
364
0
494
363
0
491
363
0
491
362
0
490
362
0
487
363
0
487
364
1
488
366
1
489
369
1
490
371
1
491
372
1
491
373
1
492
374
1
492
375
1
492
377
1
491
378
1
490
380
1
488
383
1
486
384
1
485
385
1
484
387
1
483
389
1
482
390
1
481
392
1
480
394
1
480
395
1
479
395
1
479
396
1
479
395
1
479
394
1
479
391
1
480
390
1
481
388
1
482
386
1
482
385
1
482
384
1
482
383
1
480
382
1
478
381
1
476
380
1
475
380
1
474
378
1
473
378
1
473
376
1
473
372
1
473
369
1
474
367
1
474
364
1
474
361
1
474
357
1
474
355
1
474
354
1
473
354
1
472
353
1
470
353
1
467
353
1
465
353
1
463
353
1
461
353
1
458
352
1
456
352
1
453
350
1
452
349
1
450
347
1
448
346
1
447
346
1
445
345
1
443
344
1
441
342
1
440
341
1
440
342
0
438
345
0
436
347
0
436
348
0
436
349
0
437
350
0
435
351
0
438
346
0
451
341
0
431
359
0
412
375
0
410
374
0
409
369
0
405
364
0
405
366
0
400
376
0
389
380
0
377
380
0
369
376
0
357
371
0
352
366
0
348
367
0
344
365
0
342
362
0
343
359
0
345
356
0
347
353
0
348
352
0
349
348
0
346
344
1
346
343
1
345
343
1
346
345
1
349
348
1
351
349
1
353
350
1
355
350
1
357
351
1
359
352
1
361
352
1
362
353
1
364
353
1
366
354
1
369
355
1
372
356
1
374
357
1
377
358
1
379
359
1
381
359
1
383
360
1
385
361
1
388
362
1
390
363
1
391
364
1
393
365
1
394
366
1
395
367
1
396
367
1
397
367
1
398
368
1
399
368
1
400
368
1
400
369
1
400
371
1
400
373
1
400
374
1
401
374
1
403
374
1
406
376
1
408
376
1
409
377
1
410
377
1
412
378
1
414
378
1
415
378
1
416
379
1
417
379
1
418
379
1
419
376
1
421
373
1
422
373
1
424
374
1
426
374
1
427
375
1
429
376
1
431
376
1
432
377
1
435
377
1
437
378
1
439
379
1
441
379
1
445
380
1
448
381
1
452
382
1
454
383
1
457
384
1
460
385
1
462
386
1
464
387
1
466
388
1
467
389
1
470
390
1
471
390
1
473
391
1
474
391
1
476
392
1
478
392
1
481
393
1
483
394
1
485
395
1
486
396
1
487
397
1
487
399
1
486
401
1
484
404
1
483
406
1
482
409
1
481
410
1
480
411
1
479
412
1
476
412
1
475
412
1
474
413
1
473
415
1
472
416
1
472
418
1
471
421
1
470
424
1
469
426
1
467
429
1
466
431
1
464
434
1
463
437
1
462
439
1
461
439
1
460
439
1
457
439
1
455
439
1
452
438
1
450
437
1
448
436
1
446
435
1
443
434
1
441
432
1
439
431
1
438
430
1
436
430
1
434
428
1
433
428
1
431
428
1
430
427
1
428
427
1
427
427
1
425
426
1
424
426
1
423
426
1
423
425
1
424
422
1
425
420
1
425
417
1
426
417
1
427
416
1
427
414
1
428
413
1
428
411
1
429
410
1
429
409
1
429
407
1
429
406
1
429
405
1
428
404
1
427
401
1
426
400
1
425
399
1
424
398
1
423
396
1
422
394
1
421
392
1
420
392
1
419
391
1
418
390
1
416
389
1
415
389
1
414
389
1
412
389
1
410
388
1
408
388
1
407
387
1
406
387
1
405
387
1
402
386
1
401
386
1
400
386
1
398
386
1
397
386
1
395
386
1
394
386
1
392
386
1
390
386
1
388
386
1
387
386
1
386
386
1
384
386
1
382
387
1
380
388
1
379
388
1
378
389
1
377
389
1
376
390
1
375
390
1
373
392
1
372
393
1
372
394
1
371
396
1
371
397
1
370
399
1
370
400
1
370
402
1
370
403
1
370
404
1
370
406
1
370
408
1
371
409
1
372
411
1
373
413
1
375
415
1
376
416
1
378
417
1
379
418
1
380
419
1
381
419
1
382
420
1
384
421
1
386
422
1
388
423
1
389
424
1
390
425
1
391
426
1
392
426
1
394
427
1
395
428
1
397
428
1
399
428
1
402
428
1
404
428
1
406
428
1
407
428
1
409
428
1
411
428
1
412
428
1
414
428
1
415
428
1
416
428
1
417
428
1
418
427
1
419
427
1
420
426
1
421
426
1
421
425
1
422
425
1
418
423
0
416
420
0
413
419
0
403
408
0
394
399
0
381
392
0
369
385
0
358
376
0
348
366
0
343
362
0
341
361
0
335
358
0
333
352
0
331
350
0
330
350
0
331
351
0
332
353
0
335
352
0
335
351
0
337
351
0
335
352
1
334
354
1
334
356
1
333
357
1
333
358
1
333
359
1
333
361
1
333
362
1
333
363
1
333
364
1
333
367
1
332
368
1
332
369
1
332
371
1
331
373
1
331
375
1
331
376
1
330
378
1
330
379
1
330
380
1
329
382
1
329
383
1
329
384
1
329
385
1
330
386
1
332
387
1
334
388
1
336
388
1
338
389
1
339
390
1
340
391
1
342
392
1
343
394
1
344
394
1
345
395
1
346
396
1
348
398
1
349
398
1
351
399
1
353
400
1
355
400
1
357
402
1
359
402
1
361
403
1
363
404
1
364
404
1
367
405
1
368
405
1
370
406
1
371
406
1
373
406
1
374
406
1
374
403
0
373
399
0
373
398
0
372
397
0
371
396
0
370
396
0
369
396
0
369
397
0
367
395
1
365
395
1
363
395
1
362
395
1
360
395
1
359
394
1
358
394
1
357
394
1
356
393
1
355
392
1
354
392
1
353
391
1
352
390
1
351
389
1
350
389
1
349
388
1
348
387
1
347
387
1
346
386
1
345
385
1
344
385
1
343
384
1
342
384
1
342
383
1
341
383
1
340
382
1
339
382
1
339
381
1
338
380
1
337
380
1
336
380
1
336
379
1
336
377
1
337
374
1
338
373
1
338
372
1
339
371
1
340
370
1
341
369
1
341
368
1
342
366
1
342
365
1
342
364
1
343
363
1
343
362
1
343
361
1
344
361
1
345
360
1
345
359
1
345
358
1
346
357
1
346
356
1
347
355
1
347
354
1
348
354
1
349
354
1
351
354
1
352
355
1
354
357
1
356
357
1
357
358
1
358
359
1
360
359
1
362
360
1
364
361
1
367
362
1
370
363
1
372
363
1
374
364
1
376
365
1
378
365
1
380
366
1
382
367
1
383
367
1
386
368
1
389
369
1
390
369
1
391
370
1
392
370
1
393
371
1
394
371
1
394
372
1
395
372
1
396
372
1
396
373
1
396
374
1
396
375
1
396
376
1
396
377
1
395
378
1
394
379
1
394
380
1
393
381
1
392
382
1
391
383
1
391
384
1
391
385
1
391
382
0
397
380
0
413
375
0
428
373
0
432
393
0
429
403
0
441
403
0
461
402
0
458
403
0
439
404
0
428
409
0
425
410
0
427
409
0
427
404
0
419
402
0
419
399
0
419
396
0
420
392
0
421
390
0
422
389
0
422
388
0
421
387
0
420
387
0
420
388
0
419
389
0
419
390
0
419
391
0
419
392
0
419
391
1
419
389
1
419
388
1
420
387
1
420
386
1
421
386
1
421
385
1
422
384
1
423
383
1
424
383
1
425
383
1
426
383
1
427
383
1
428
383
1
429
384
1
431
385
1
432
385
1
433
385
1
435
386
1
437
387
1
438
388
1
440
389
1
442
390
1
444
390
1
445
391
1
446
391
1
448
393
1
450
393
1
453
395
1
454
395
1
455
396
1
456
396
1
459
398
1
460
399
1
461
399
1
463
400
1
464
401
1
465
401
1
466
402
1
467
402
1
468
403
1
469
404
1
470
405
1
470
407
1
470
408
1
470
409
1
470
411
1
470
413
1
470
415
1
469
417
1
468
419
1
467
420
1
466
421
1
465
423
1
464
425
1
463
426
1
462
427
1
462
428
1
461
428
1
460
429
1
459
430
1
457
430
1
455
430
1
454
430
1
452
430
1
451
430
1
449
430
1
448
429
1
445
428
1
443
427
1
442
426
1
440
426
1
439
425
1
438
425
1
437
424
1
436
423
1
435
423
1
433
422
1
431
421
1
430
421
1
428
421
1
427
420
1
426
420
1
425
419
1
424
419
1
423
418
0
423
415
0
423
413
0
429
408
0
429
403
0
378
400
0
347
388
0
344
374
0
347
372
0
345
370
0
345
369
0
347
367
0
349
365
0
351
365
0
349
366
0
345
369
0
344
370
0
342
370
0
341
371
0
340
370
1
341
370
1
343
370
1
345
370
1
347
370
1
349
371
1
351
371
1
353
371
1
355
371
1
358
371
1
360
371
1
362
371
1
365
371
1
367
371
1
369
371
1
371
371
1
372
372
1
373
372
1
374
372
1
373
372
1
369
372
1
365
372
1
364
372
1
361
373
1
360
374
1
358
375
1
357
376
1
356
377
1
356
378
1
356
379
1
356
380
1
356
381
1
356
383
1
357
384
1
358
385
1
359
386
1
360
386
1
361
387
1
363
388
1
365
389
1
366
390
1
367
390
1
368
390
1
368
391
1
369
391
1
370
391
1
371
392
1
372
392
1
369
393
0
370
384
0
372
381
0
373
377
0
374
376
0
374
375
0
374
374
0
375
373
0
374
375
1
373
375
1
373
377
1
373
378
1
372
379
1
372
380
1
373
380
1
374
381
1
375
382
1
377
383
1
378
384
1
380
384
1
382
384
1
384
384
1
385
384
1
387
384
1
388
384
1
389
383
1
390
382
1
390
381
1
390
380
1
390
379
1
388
378
1
387
378
1
386
377
1
384
377
1
382
377
1
381
377
1
379
376
1
377
376
1
376
375
1
375
375
1
374
375
1
372
374
1
371
374
1
372
374
0
373
373
0
375
376
0
376
376
0
380
377
0
382
377
0
384
376
0
380
377
1
379
379
1
378
381
1
380
382
1
382
381
1
382
378
1
380
376
1
378
376
1
377
379
1
377
381
1
380
381
1
382
380
1
382
377
1
380
376
1
379
376
1
377
380
1
378
381
1
381
381
1
382
376
1
382
375
1
381
375
1
378
376
1
378
380
1
381
380
1
384
377
1
384
375
1
381
373
1
379
374
1
378
378
1
380
381
1
383
380
1
385
377
1
385
375
1
382
374
1
380
376
1
380
380
1
381
382
1
384
380
1
385
377
1
383
375
1
380
375
1
378
377
1
378
381
1
380
382
1
383
381
1
384
378
1
384
375
1
384
373
1
381
373
1
379
374
1
379
378
1
381
380
1
384
379
1
382
378
0
381
378
0
381
377
0
396
376
0
404
383
0
406
395
0
407
398
0
406
399
0
436
398
0
443
396
0
439
392
0
437
391
0
433
390
0
433
387
0
432
387
0
429
386
0
427
386
0
424
387
0
423
388
0
422
388
0
421
388
0
420
388
1
420
387
1
421
387
1
423
387
1
424
387
1
425
388
1
427
388
1
428
389
1
430
390
1
431
391
1
432
391
1
434
393
1
436
394
1
438
395
1
439
395
1
440
396
1
442
396
1
444
397
1
445
398
1
446
398
1
447
399
1
448
400
1
449
400
1
449
401
1
450
401
1
450
402
1
452
403
1
452
404
1
452
407
1
452
410
1
451
413
1
450
415
1
450
416
1
449
417
1
449
418
1
447
419
1
446
420
1
444
420
1
442
420
1
440
420
1
438
420
1
437
420
1
434
419
1
433
418
1
432
417
1
430
416
1
429
415
1
428
414
1
428
413
1
427
412
1
428
410
0
428
405
0
428
400
0
428
395
0
429
391
0
429
390
0
427
391
0
426
392
0
425
393
0
424
393
0
424
394
0
423
395
0
424
397
1
425
398
1
426
399
1
427
400
1
428
401
1
430
401
1
432
402
1
434
402
1
436
402
1
437
402
1
439
401
1
442
399
1
443
399
1
444
398
1
443
397
1
441
397
1
439
397
1
436
397
1
434
396
1
433
396
1
432
395
1
431
395
1
430
393
1
429
392
1
428
391
1
427
390
1
425
389
1
423
391
1
423
395
1
425
397
1
428
397
1
430
394
1
430
391
1
427
389
1
425
389
1
427
394
1
431
395
1
432
391
1
431
387
1
429
388
1
429
394
1
432
396
1
434
392
1
432
390
1
429
391
1
429
396
1
432
398
1
433
394
1
431
390
1
428
390
1
427
395
1
429
399
1
433
398
1
434
394
1
431
392
1
429
393
1
429
395
0
428
395
0
426
396
0
422
397
0
417
404
0
398
396
0
377
379
0
371
366
0
361
364
0
356
366
0
355
366
0
354
367
0
349
368
0
344
365
0
347
360
0
349
358
0
350
355
0
350
354
0
351
352
0
351
349
0
351
348
0
352
347
0
351
346
1
349
346
1
348
346
1
348
345
1
347
341
1
347
335
1
347
334
1
349
339
1
352
344
1
354
346
1
355
349
1
357
350
1
357
349
1
357
343
1
357
340
1
357
337
1
357
336
1
357
335
1
357
338
1
360
343
1
362
347
1
364
349
1
364
348
1
364
341
1
365
339
1
365
338
1
366
341
1
368
345
1
370
349
1
372
352
1
373
353
1
374
353
1
374
352
1
374
346
1
373
342
1
373
341
1
373
339
1
373
338
1
374
344
1
375
348
1
376
350
1
376
352
1
377
354
1
378
356
1
379
357
1
379
353
1
380
348
1
380
346
1
381
345
1
381
346
1
382
350
1
383
353
1
385
356
1
386
358
1
387
359
1
387
354
1
388
350
1
388
347
1
389
346
1
389
345
1
389
347
1
391
353
1
392
355
1
393
358
1
395
359
1
395
360
1
395
361
1
397
356
1
398
354
1
399
354
1
400
353
1
400
357
1
400
360
1
400
361
1
400
362
1
400
363
1
402
360
1
405
358
1
406
357
1
407
357
1
407
358
1
406
360
1
405
363
1
404
366
1
403
368
1
402
369
1
401
370
1
400
372
1
397
371
0
406
373
0
435
372
0
434
386
0
430
389
0
437
389
0
436
392
0
432
391
0
424
391
0
418
390
0
414
387
0
414
385
0
415
381
0
416
380
0
418
377
1
417
379
0
422
367
1
424
364
1
426
361
1
428
358
1
429
356
1
430
356
1
430
357
1
429
361
1
429
364
1
428
365
1
428
366
1
428
367
1
431
365
1
434
363
1
436
361
1
437
361
1
437
360
1
437
361
1
436
364
1
435
368
1
434
370
1
434
371
1
438
368
1
442
366
1
445
365
1
446
364
1
445
365
1
443
368
1
442
371
1
442
373
1
442
374
1
443
373
1
446
371
1
450
370
1
454
368
1
455
368
1
456
367
1
453
369
1
451
371
1
451
373
1
450
376
1
454
375
1
457
373
1
460
373
1
463
372
1
464
371
1
463
371
1
462
373
1
460
375
1
459
377
1
459
378
1
460
378
1
464
376
1
467
375
1
469
374
1
470
373
1
471
373
1
469
375
1
469
380
1
469
381
1
470
381
1
474
379
1
477
379
1
475
384
1
474
388
1
475
388
1
477
387
1
481
387
1
482
386
1
481
388
1
480
392
1
479
394
1
479
392
0
474
387
0
466
387
0
461
386
0
451
389
0
427
410
0
373
437
0
340
446
0
340
438
0
335
430
0
332
421
0
333
416
0
330
409
0
326
397
0
326
389
0
326
385
0
327
382
0
324
382
0
322
384
0
318
390
0
317
392
0
317
393
0
317
394
0
317
395
0
318
396
1
318
397
1
317
400
1
316
403
1
315
405
1
314
407
1
313
408
1
312
410
1
312
412
1
311
414
1
310
416
1
309
418
1
308
419
1
307
420
1
307
422
1
307
424
1
307
425
1
307
427
1
307
429
1
307
430
1
307
431
1
308
432
1
309
433
1
310
435
1
311
437
1
312
438
1
314
439
1
315
440
1
316
441
1
318
442
1
320
443
1
321
444
1
323
445
1
325
445
1
326
446
1
329
446
1
330
447
1
333
448
1
334
449
1
335
450
1
336
451
1
337
451
1
339
452
1
339
453
1
340
453
1
342
454
1
343
455
1
346
455
1
349
457
1
351
458
1
353
459
1
354
460
1
357
461
1
359
462
1
360
463
1
363
465
1
366
466
1
367
467
1
369
468
1
372
469
1
374
469
1
378
470
1
379
470
1
382
471
1
384
472
1
387
473
1
389
474
1
391
475
1
394
477
1
395
478
1
397
479
1
399
479
1
401
479
1
403
480
1
404
480
1
408
481
1
411
482
1
412
482
1
414
482
1
415
483
1
418
483
1
420
484
1
421
484
1
424
485
1
426
485
1
428
486
1
431
488
1
432
489
1
433
489
1
435
490
1
437
490
1
439
491
1
441
491
1
443
491
1
444
491
1
445
490
1
447
489
1
448
487
1
449
486
1
449
484
1
450
483
1
451
482
1
451
480
1
451
479
1
452
477
1
452
475
1
453
473
1
453
470
1
454
469
1
454
467
1
455
464
1
455
462
1
456
460
1
456
457
1
457
455
1
459
452
1
459
451
1
460
448
1
461
446
1
462
444
1
462
442
1
462
441
1
462
440
1
462
439
1
463
437
1
463
436
1
460
435
0
451
431
0
439
425
0
431
416
0
425
403
0
431
395
0
435
398
0
412
410
0
402
417
0
406
404
0
377
404
0
365
412
0
351
414
0
333
409
0
326
409
0
325
412
0
328
412
0
330
416
0
331
416
0
334
412
0
338
408
0
343
405
0
348
404
0
352
403
0
354
402
0
359
400
0
360
400
0
361
400
0
362
400
0
363
401
0
363
402
0
362
403
0
361
404
0
360
404
0
359
405
0
360
404
1
360
403
1
359
403
1
357
404
1
355
405
1
354
406
1
352
407
1
351
407
1
350
408
1
348
409
1
346
410
1
344
411
1
342
411
1
340
412
1
339
413
1
338
413
1
336
414
1
334
415
1
333
416
1
332
417
1
333
417
1
335
417
1
336
417
1
338
418
1
340
418
1
341
418
1
343
418
1
344
418
1
346
418
1
347
418
1
349
418
1
350
418
1
351
419
1
353
419
1
354
420
1
356
420
1
358
422
1
360
422
1
361
423
1
364
424
1
366
424
1
368
425
1
370
425
1
372
426
1
374
427
1
376
427
1
378
428
1
381
428
1
383
429
1
386
430
1
387
431
1
389
431
1
390
432
1
392
433
1
395
434
1
397
434
1
398
435
1
400
436
1
402
437
1
404
438
1
405
438
1
407
439
1
410
441
1
412
442
1
413
443
1
416
445
1
419
447
1
420
447
1
423
449
1
424
449
1
426
450
1
428
452
1
432
456
1
434
457
1
435
458
1
436
458
1
437
460
1
438
461
1
439
462
1
440
463
1
439
461
1
438
459
1
438
458
1
437
456
1
436
455
1
435
453
1
434
451
1
433
450
1
432
447
1
432
445
1
431
442
1
430
440
1
430
437
1
429
435
1
429
433
1
429
431
1
429
430
1
429
428
1
428
427
1
428
426
1
428
425
1
428
424
1
427
424
1
427
425
0
424
425
0
417
426
0
414
429
0
411
430
0
450
428
0
506
430
0
532
423
0
529
420
0
528
420
0
526
419
0
525
418
0
521
414
0
514
407
0
506
405
0
500
405
0
498
405
0
495
405
0
492
404
0
491
404
0
489
404
1
488
403
1
486
402
1
485
402
1
484
402
1
484
401
1
485
403
1
485
405
1
485
407
1
485
408
1
485
410
1
486
412
1
486
414
1
486
416
1
486
419
1
485
421
1
484
424
1
482
427
1
481
429
1
480
431
1
479
433
1
477
437
1
475
440
1
474
443
1
474
444
1
473
446
1
472
447
1
471
449
1
471
451
1
470
453
1
468
454
1
466
456
1
465
456
1
463
457
1
461
457
1
459
457
1
458
457
1
458
456
1
457
456
1
456
456
1
455
456
1
453
456
1
450
459
0
449
460
0
455
462
0
459
462
0
463
462
0
468
460
0
471
456
0
471
455
0
472
454
0
474
454
0
473
453
0
473
452
0
472
451
0
472
450
1
471
452
1
471
455
1
472
458
1
473
460
1
473
462
1
474
463
1
475
464
1
475
466
1
475
468
1
475
472
1
476
474
1
476
476
1
476
479
1
476
481
1
477
484
1
478
487
1
481
492
1
483
496
1
485
499
1
486
502
1
487
504
1
488
506
1
489
510
1
489
514
1
490
518
1
490
521
1
491
525
1
492
532
1
493
535
1
494
537
1
494
539
1
495
542
1
496
547
1
496
552
1
496
554
1
495
557
1
493
560
1
491
563
1
490
566
1
490
570
1
489
573
1
489
576
1
489
580
1
489
585
1
490
592
1
490
596
1
490
602
1
490
605
1
490
609
1
490
614
1
490
620
1
490
623
1
490
625
1
490
627
1
490
629
1
490
631
1
489
631
1
486
631
1
482
631
1
479
631
1
476
631
1
473
631
1
469
631
1
465
631
1
461
631
1
457
631
1
454
631
1
452
630
1
449
630
1
444
628
1
442
627
1
439
625
1
437
625
1
435
623
1
434
623
1
433
622
1
432
622
1
431
621
1
430
621
1
430
620
1
430
614
1
430
606
1
430
603
1
431
599
1
432
596
1
434
593
1
435
590
1
436
588
1
436
584
1
436
581
1
436
576
1
435
573
1
434
568
1
434
565
1
433
561
1
432
558
1
432
556
1
432
554
1
432
550
1
432
546
1
432
541
1
432
537
1
432
534
1
431
532
1
431
530
1
430
528
1
430
527
1
429
526
1
431
524
1
435
520
1
439
514
1
442
510
1
445
507
1
448
503
1
450
500
1
452
497
1
455
494
1
458
492
1
459
490
1
461
489
1
463
486
1
464
485
1
466
483
1
467
482
1
463
486
0
451
502
0
443
510
0
437
518
0
431
526
0
429
531
0
429
533
0
428
532
0
428
531
0
429
526
0
429
520
0
428
516
0
428
515
0
429
520
0
431
533
0
434
548
0
444
568
0
448
581
0
448
595
0
449
607
0
449
614
0
448
619
0
447
623
0
445
627
0
442
630
0
439
631
0
437
629
0
437
628
0
435
625
0
434
624
0
433
624
0
432
623
0
431
622
1
431
620
1
431
621
1
429
623
1
428
625
1
428
626
1
428
627
1
427
628
1
427
629
1
430
630
1
432
631
1
434
631
1
438
631
1
442
631
1
445
631
1
448
632
1
450
633
1
451
634
1
454
635
1
456
636
1
458
637
1
460
638
1
463
639
1
465
639
1
469
639
1
472
639
1
476
640
1
479
640
1
482
640
1
485
640
1
486
640
1
487
640
1
488
640
1
489
640
1
490
640
1
490
636
1
490
632
1
490
629
1
490
627
1
490
625
1
483
628
0
464
631
0
443
629
0
436
629
0
433
628
0
429
628
0
428
629
0
428
630
0
429
631
0
430
631
0
431
632
0
432
632
0
430
636
1
429
638
1
428
641
1
428
642
1
427
643
1
427
644
1
427
645
1
427
646
1
427
648
1
429
649
1
430
651
1
431
652
1
432
652
1
434
652
1
436
652
1
437
652
1
438
652
1
438
648
0
438
646
0
439
645
0
440
643
0
440
641
0
440
640
0
440
639
0
441
638
0
441
637
0
442
635
0
443
632
0
442
635
1
440
639
1
439
643
1
439
646
1
438
648
1
437
651
1
437
653
1
437
656
1
436
659
1
436
662
1
435
664
1
435
665
1
435
666
1
435
667
1
437
669
1
438
671
1
440
671
1
442
672
1
445
672
1
447
673
1
448
673
1
450
673
1
451
673
1
452
673
1
454
672
1
454
671
1
454
669
1
455
666
1
456
663
1
457
659
1
457
657
1
458
655
1
458
652
1
458
650
1
458
648
1
458
645
1
458
644
1
458
643
1
458
642
1
459
643
0
458
653
0
455
660
0
452
667
0
451
670
0
451
673
0
451
674
0
450
675
0
450
674
1
451
673
1
452
673
1
452
672
1
452
671
1
454
672
1
456
672
1
456
673
1
458
674
1
460
674
1
462
674
1
464
674
1
465
674
1
467
673
1
469
671
1
470
669
1
471
666
1
472
663
1
472
661
1
473
658
1
473
657
1
473
656
1
472
661
1
470
666
1
470
669
1
469
672
1
469
673
1
469
674
1
470
674
1
472
673
1
475
670
1
475
667
1
476
664
1
477
661
1
477
657
1
477
655
1
477
654
1
477
658
1
477
662
1
476
665
1
476
667
1
476
668
1
475
669
1
475
670
1
478
669
1
481
665
1
482
662
1
483
658
1
484
655
1
485
654
1
485
652
1
485
651
1
485
649
1
486
646
1
486
644
1
486
643
1
486
641
1
486
640
1
485
639
1
484
639
1
479
641
0
471
642
0
460
640
0
447
639
0
439
631
0
436
603
0
431
573
0
428
563
0
426
559
0
424
556
0
424
552
0
423
548
0
424
541
0
425
539
0
427
534
0
427
532
0
428
530
0
429
529
1
429
528
1
429
527
1
429
526
1
429
525
1
429
528
1
429
532
1
429
535
1
429
537
1
429
540
1
429
542
1
429
545
1
430
546
1
430
549
1
430
552
1
430
554
1
429
558
1
428
560
1
427
562
1
427
564
1
427
566
1
427
567
1
428
570
1
429
572
1
430
574
1
431
578
1
432
580
1
432
583
1
432
585
1
432
589
1
430
591
1
429
593
1
428
595
1
428
599
1
427
603
1
427
605
1
427
610
1
427
616
1
427
622
1
427
625
1
427
629
1
427
631
1
426
633
1
425
634
1
425
635
1
423
635
1
420
635
1
415
637
1
412
637
1
409
638
1
406
639
1
404
640
1
401
641
1
400
641
1
400
634
1
400
625
1
400
616
1
400
609
1
401
604
1
402
597
1
402
588
1
403
584
1
403
580
1
404
574
1
404
565
1
402
561
1
402
558
1
401
555
1
401
553
1
401
549
1
400
545
1
400
542
1
399
539
1
398
535
1
397
531
1
397
525
1
396
521
1
396
518
1
396
515
1
397
510
1
399
505
1
400
501
1
401
499
1
402
496
1
403
493
1
403
491
1
403
490
1
404
488
1
406
486
1
407
484
1
409
482
1
403
482
0
399
484
0
393
492
0
389
496
0
385
495
0
387
486
0
396
473
0
413
468
0
429
463
0
430
465
0
420
468
0
426
465
0
430
461
0
427
470
0
430
479
0
429
487
0
429
490
0
430
493
0
430
497
0
427
504
0
425
507
0
423
510
0
422
510
0
421
511
0
420
510
0
421
509
0
422
508
0
424
506
0
424
504
0
425
503
0
425
502
0
426
501
0
426
500
0
427
499
0
427
498
0
428
497
0
429
496
1
429
495
1
428
495
1
427
494
1
426
494
1
425
494
1
424
494
1
422
494
1
421
494
1
419
495
1
418
496
1
417
497
1
416
498
1
415
499
1
414
501
1
413
503
1
412
504
1
411
506
1
411
508
1
410
509
1
410
510
1
410
512
1
410
513
1
410
515
1
410
516
1
411
517
1
411
518
1
412
519
1
413
520
1
414
521
1
415
521
1
417
521
1
418
521
1
419
521
1
420
521
1
422
521
1
423
520
1
424
519
1
425
518
1
426
517
1
427
515
1
428
513
1
428
511
1
429
510
1
429
509
1
429
508
1
430
506
1
430
505
1
431
504
1
431
502
1
431
501
1
431
500
1
431
499
1
430
499
1
430
498
1
429
497
1
428
497
1
428
496
1
426
496
0
421
498
0
420
498
0
417
498
0
395
498
0
335
503
0
322
494
0
326
476
0
319
470
0
318
467
0
318
465
0
317
461
0
318
457
0
320
452
0
321
450
0
324
449
0
324
448
0
324
446
0
324
445
0
324
446
0
324
447
1
323
448
1
323
449
1
322
449
1
321
451
1
319
454
1
316
457
1
315
460
1
314
463
1
313
465
1
312
467
1
311
470
1
311
472
1
310
474
1
310
475
1
310
477
1
310
479
1
310
481
1
311
481
1
314
481
1
316
481
1
320
481
1
324
480
1
326
479
1
330
479
1
333
479
1
335
478
1
338
478
1
340
478
1
341
478
1
342
478
1
344
478
1
345
477
1
346
477
1
346
475
1
348
472
1
349
470
1
349
469
1
351
467
1
351
466
1
351
465
1
352
464
1
352
463
1
353
462
1
353
461
1
353
460
1
351
459
1
349
458
1
347
457
1
343
455
1
342
454
1
340
453
1
338
452
1
336
451
1
335
450
1
333
449
1
332
448
1
330
447
1
329
446
1
328
446
1
329
447
1
333
451
1
337
453
1
341
454
1
343
456
1
346
456
1
350
457
1
353
458
1
355
459
1
357
459
1
358
459
1
359
460
1
360
461
1
362
462
1
364
464
1
366
465
1
368
467
1
370
468
1
371
468
1
371
469
1
372
469
1
372
470
1
370
474
1
368
478
1
366
479
1
364
482
1
363
485
1
361
487
1
361
488
1
361
489
1
359
488
1
354
486
1
352
485
1
350
484
1
349
483
1
346
482
1
344
482
1
343
481
1
342
480
1
342
479
1
344
479
1
349
481
1
354
482
1
357
483
1
360
484
1
363
485
1
365
486
1
366
486
1
367
487
1
367
488
1
369
490
1
371
492
1
374
496
1
375
499
1
377
501
1
379
505
1
381
508
1
383
511
1
384
512
1
386
513
1
387
514
1
390
509
1
393
505
1
395
502
1
397
499
1
398
497
1
399
495
1
400
492
1
402
489
1
404
486
1
405
485
1
405
484
1
406
484
1
404
482
1
401
481
1
400
480
1
396
480
1
394
479
1
392
479
1
390
478
1
388
477
1
385
476
1
381
474
1
380
473
1
378
472
1
376
471
1
373
470
1
372
470
1
371
469
1
370
469
1
372
469
0
367
470
0
363
472
0
360
473
0
363
476
0
349
488
0
340
491
0
307
489
0
298
486
0
294
483
0
292
481
0
291
478
0
289
474
0
287
472
0
281
473
0
275
473
0
278
468
0
282
466
0
284
463
0
285
463
0
287
462
0
288
462
0
289
461
0
289
460
0
290
458
0
290
457
0
290
456
1
290
455
1
288
460
1
287
465
1
285
468
1
285
470
1
284
473
1
284
475
1
283
477
1
283
479
1
282
482
1
281
485
1
281
489
1
280
492
1
279
494
1
279
497
1
279
501
1
279
503
1
279
505
1
279
506
1
279
507
1
279
508
1
279
509
1
279
512
1
280
512
1
286
512
1
290
513
1
294
513
1
297
513
1
300
513
1
302
514
1
307
515
1
310
516
1
313
516
1
316
517
1
319
518
1
322
519
1
325
521
1
328
521
1
330
521
1
331
522
1
332
522
1
333
522
1
334
523
1
336
523
1
338
523
1
343
525
1
347
527
1
351
530
1
355
531
1
358
531
1
363
533
1
366
534
1
369
535
1
372
536
1
377
538
1
380
538
1
386
540
1
391
542
1
395
543
1
396
543
1
397
544
1
398
544
1
400
544
1
401
545
1
396
545
0
374
526
0
363
521
0
359
518
0
357
518
0
355
511
0
355
501
0
355
498
0
355
495
0
355
492
0
354
490
0
354
489
0
353
487
0
352
486
0
352
485
0
352
484
0
351
485
1
350
487
1
349
491
1
348
495
1
347
498
1
347
501
1
346
504
1
346
508
1
346
511
1
346
514
1
346
517
1
346
519
1
346
522
1
346
523
1
346
524
1
346
525
1
346
526
1
344
523
0
329
520
0
323
523
0
314
522
0
305
519
0
296
519
0
292
519
0
290
519
0
288
518
0
285
517
0
281
516
0
281
514
0
282
512
0
282
510
0
281
509
0
280
510
0
278
510
1
278
511
1
275
515
1
274
518
1
273
521
1
272
523
1
271
525
1
271
527
1
270
529
1
270
531
1
270
532
1
270
533
1
273
533
1
276
533
1
281
534
1
284
535
1
287
536
1
290
536
1
292
536
1
295
536
1
298
537
1
301
537
1
304
538
1
307
539
1
309
539
1
312
540
1
314
540
1
315
541
1
318
542
1
321
543
1
324
544
1
327
545
1
331
546
1
334
547
1
338
548
1
342
548
1
345
549
1
348
550
1
350
550
1
353
551
1
356
551
1
360
552
1
365
553
1
369
554
1
371
554
1
374
554
1
376
555
1
378
555
1
381
556
1
383
556
1
385
557
1
389
558
1
390
559
1
391
560
1
392
560
1
393
561
1
394
561
1
395
562
1
396
563
1
399
566
1
400
567
1
401
567
1
401
568
1
402
568
1
402
569
1
396
563
0
377
545
0
366
537
0
358
530
0
349
523
0
344
522
0
340
520
0
338
519
0
337
519
0
336
520
0
335
523
0
335
524
0
335
526
0
335
527
0
336
525
1
336
523
1
337
523
1
336
524
1
335
525
1
334
529
1
333
533
1
332
535
1
331
538
1
330
540
1
330
542
1
329
542
1
329
543
1
329
544
1
328
545
1
328
546
1
330
541
0
337
536
0
344
536
0
350
536
0
359
538
0
362
537
0
366
535
0
367
535
0
368
535
0
369
535
0
372
535
0
373
535
0
370
537
1
369
541
1
368
543
1
368
546
1
367
549
1
366
552
1
365
554
1
365
555
1
365
554
0
363
541
0
357
535
0
353
533
0
349
532
0
345
529
0
344
529
0
342
530
0
341
531
0
341
533
1
340
538
1
339
540
1
338
541
1
338
542
1
337
543
1
340
543
1
343
543
1
346
543
1
349
543
1
351
544
1
353
544
1
354
545
1
356
546
1
357
547
1
358
547
1
359
546
1
360
541
1
361
539
1
361
538
1
362
537
1
362
536
1
360
536
1
358
534
1
355
532
1
353
532
1
351
531
1
350
530
1
348
530
1
346
529
1
344
529
1
343
529
1
341
529
1
341
533
1
340
535
1
340
533
0
335
532
0
330
532
0
323
532
0
301
534
0
281
538
0
275
540
0
271
543
0
269
545
0
265
546
0
265
545
0
266
544
0
268
540
0
269
538
0
270
537
0
271
536
0
272
535
0
273
534
0
274
534
0
272
541
1
270
545
1
269
549
1
269
552
1
269
555
1
268
557
1
267
561
1
265
565
1
264
569
1
263
572
1
261
575
1
261
578
1
259
581
1
259
583
1
259
584
1
259
586
1
258
588
1
257
591
1
256
596
1
256
598
1
256
602
1
256
604
1
256
608
1
256
612
1
256
617
1
256
619
1
255
622
1
254
627
1
253
631
1
252
635
1
252
639
1
251
643
1
250
647
1
250
651
1
251
656
1
251
661
1
251
665
1
251
669
1
251
673
1
251
676
1
251
678
1
251
679
1
252
679
1
252
680
1
253
680
1
255
681
1
256
681
1
257
682
1
259
683
1
263
688
1
265
690
1
267
692
1
269
696
1
271
698
1
272
700
1
274
701
1
276
703
1
278
704
1
282
704
1
287
704
1
294
705
1
298
706
1
303
705
1
306
705
1
310
704
1
314
702
1
319
701
1
322
700
1
324
698
1
327
698
1
328
697
1
331
697
1
333
697
1
335
696
1
337
694
1
339
688
1
339
683
1
340
677
1
341
672
1
342
667
1
343
664
1
344
659
1
345
655
1
345
654
1
345
653
0
341
650
0
338
646
0
335
643
0
332
641
0
330
638
0
328
638
0
326
638
0
324
640
0
323
640
1
323
641
1
324
639
1
329
636
1
332
633
1
335
632
1
338
631
1
339
632
1
341
635
1
342
639
1
343
644
1
344
649
1
345
654
1
346
658
1
347
660
1
347
665
1
348
666
1
348
669
1
348
672
1
347
676
1
346
679
1
344
682
1
343
686
1
342
689
1
340
693
1
339
696
1
339
699
1
338
701
1
337
703
1
337
705
1
336
708
1
336
709
1
336
710
1
337
713
1
340
717
1
342
719
1
344
722
1
346
724
1
347
725
1
351
727
1
354
731
1
358
734
1
360
736
1
364
737
1
367
739
1
369
740
1
370
740
1
371
741
1
375
741
1
377
740
1
383
736
1
385
735
1
389
732
1
391
731
1
393
729
1
394
728
1
396
727
1
399
725
1
402
723
1
404
722
1
405
720
1
406
718
1
407
717
1
408
716
1
408
713
1
409
708
1
410
702
1
411
698
1
412
694
1
413
689
1
413
684
1
414
680
1
416
675
1
417
672
1
418
667
1
419
663
1
420
661
1
420
657
1
421
654
1
421
652
1
421
651
1
421
647
1
421
646
1
421
644
1
421
643
1
421
642
1
421
641
1
421
640
1
421
639
1
420
638
1
420
637
1
420
636
1
420
635
1
417
632
0
412
629
0
408
627
0
402
623
0
396
619
0
391
616
0
388
612
0
386
610
0
382
610
0
380
610
0
377
606
0
375
604
0
373
598
0
371
596
0
369
595
0
367
591
0
367
590
0
364
589
0
364
587
0
361
586
0
359
587
0
357
588
0
358
584
0
360
578
0
361
575
0
358
570
0
355
562
0
349
551
0
344
541
0
344
529
0
345
501
0
346
484
0
337
473
0
328
461
0
320
448
0
309
428
0
297
415
0
288
404
0
281
390
0
279
383
0
276
382
0
274
388
0
272
394
0
272
395
0
271
397
0
271
401
0
270
407
0
266
418
0
262
430
0
258
445
0
256
454
0
253
459
0
251
463
0
250
473
0
248
476
0
247
476
0
246
475
0
245
475
0
245
474
0
244
473
0
243
472
0
242
471
0
240
471
0
239
471
0
238
471
0
236
470
1
235
470
1
237
472
1
239
473
1
240
474
1
242
476
1
243
477
1
244
478
1
247
479
1
249
480
1
252
481
1
254
483
1
256
484
1
258
484
1
259
485
1
262
486
1
263
487
1
265
488
1
267
489
1
269
490
1
271
491
1
273
492
1
273
493
1
275
494
1
277
496
1
278
497
1
279
498
1
279
499
1
280
499
1
280
500
1
281
500
1
281
501
1
275
503
0
273
507
0
270
512
0
270
513
0
271
514
0
274
518
0
275
522
0
275
523
0
274
523
0
272
522
0
259
556
0
250
588
0
255
595
0
259
604
0
260
611
0
257
628
0
258
644
0
258
662
0
260
673
0
262
679
0
260
687
0
260
691
0
263
696
0
264
696
0
264
698
0
264
695
0
262
692
0
260
691
0
254
692
0
266
657
0
267
658
0
269
662
0
269
666
0
269
671
0
270
678
0
270
687
0
270
691
0
269
694
0
269
697
0
270
698
0
269
701
1
269
705
1
269
709
1
269
711
1
269
714
1
269
718
1
269
722
1
269
726
1
269
729
1
268
734
1
267
738
1
265
741
1
263
744
1
262
747
1
260
751
1
258
755
1
257
760
1
256
764
1
256
767
1
255
770
1
255
772
1
255
775
1
255
777
1
255
778
1
259
779
1
261
780
1
265
780
1
269
778
1
274
776
1
278
773
1
282
770
1
286
766
1
289
764
1
292
761
1
295
758
1
298
755
1
300
753
1
302
750
1
304
747
1
307
744
1
309
740
1
311
737
1
312
735
1
314
732
1
315
728
1
318
724
1
319
719
1
320
716
1
321
714
1
321
712
1
321
711
1
322
708
1
323
705
1
323
703
1
323
702
1
323
701
1
323
700
1
323
699
1
319
705
0
317
707
0
322
714
0
360
733
0
368
746
0
363
749
0
359
752
0
358
753
0
353
748
0
351
743
0
351
741
0
350
738
0
349
733
0
348
732
0
347
731
0
346
728
0
346
725
0
346
723
0
346
722
1
346
721
1
346
720
1
346
726
1
347
736
1
348
744
1
349
749
1
350
753
1
351
758
1
352
763
1
353
766
1
353
769
1
354
772
1
355
774
1
357
776
1
358
777
1
360
778
1
362
779
1
364
780
1
366
780
1
367
781
1
369
781
1
371
782
1
372
782
1
374
783
1
375
783
1
376
784
1
377
785
1
378
785
1
379
786
1
380
787
1
382
787
1
384
788
1
385
788
1
388
787
1
390
783
1
391
780
1
393
776
1
394
773
1
396
769
1
398
764
1
398
760
1
399
757
1
400
753
1
400
749
1
400
745
1
401
743
1
401
742
1
401
740
1
401
738
1
401
734
1
401
732
1
401
731
1
401
729
1
400
727
1
400
726
1
400
725
1
400
724
1
399
724
1
394
728
0
391
731
0
388
735
0
387
735
0
385
736
0
384
736
0
381
736
0
381
737
0
381
736
0
314
636
0
320
628
0
326
621
0
326
619
0
327
618
0
327
620
0
325
623
0
323
628
0
320
634
0
318
634
0
