86
147
1
86
148
1
85
148
1
84
149
1
83
150
1
82
152
1
81
154
1
80
156
1
80
158
1
79
162
1
79
164
1
79
165
1
79
166
1
79
167
1
79
169
1
79
171
1
79
174
1
79
175
1
79
177
1
79
179
1
79
181
1
79
183
1
79
185
1
79
188
1
79
191
1
79
194
1
79
195
1
79
197
1
78
200
1
78
201
1
78
204
1
78
207
1
78
211
1
78
213
1
78
215
1
78
217
1
78
219
1
78
222
1
78
225
1
78
227
1
78
230
1
78
232
1
78
234
1
78
237
1
78
240
1
78
242
1
78
245
1
78
248
1
77
251
1
77
254
1
77
258
1
76
262
1
76
264
1
76
267
1
76
270
1
76
272
1
76
274
1
76
277
1
76
280
1
76
282
1
76
283
1
76
285
1
76
287
1
76
289
1
76
291
1
76
293
1
76
296
1
76
297
1
76
300
1
76
301
1
76
304
1
76
306
1
76
309
1
76
311
1
75
313
1
75
314
1
75
316
1
74
317
1
74
318
1
74
319
1
74
320
1
74
321
1
74
323
1
74
325
1
74
328
1
74
333
1
74
336
1
74
338
1
75
342
1
75
346
1
75
349
1
75
352
1
76
354
1
76
358
1
77
361
1
77
362
1
77
364
1
78
367
1
78
369
1
78
371
1
78
373
1
78
375
1
78
379
1
78
381
1
78
385
1
78
386
1
78
388
1
78
390
1
79
391
1
79
393
1
79
394
1
80
397
1
81
398
1
83
401
1
84
402
1
86
405
1
88
407
1
90
409
1
92
411
1
93
413
1
95
415
1
97
416
1
98
418
1
99
419
1
101
421
1
102
423
1
104
425
1
105
427
1
107
429
1
108
432
1
110
434
1
111
436
1
112
439
1
114
442
1
115
443
1
116
445
1
117
446
1
118
447
1
119
449
1
120
450
1
121
451
1
122
452
1
123
453
1
124
454
1
125
455
1
126
457
1
127
458
1
128
460
1
129
461
1
129
462
1
130
463
1
131
464
1
131
465
1
132
465
1
133
467
1
134
467
1
134
468
1
135
469
1
135
470
1
136
470
1
136
471
1
137
470
1
137
469
1
138
467
1
138
466
1
139
465
1
139
463
1
140
462
1
140
460
1
140
459
1
141
459
1
141
458
1
141
457
1
142
456
1
142
455
1
143
455
1
143
454
1
144
453
1
144
452
1
145
451
1
145
450
1
146
450
1
147
450
1
148
449
1
149
449
1
150
449
1
151
450
1
153
450
1
155
450
1
156
450
1
158
450
1
159
450
1
160
451
1
161
451
1
163
451
1
164
451
1
167
450
1
169
450
1
172
450
1
175
449
1
181
448
1
187
446
1
192
444
1
197
443
1
199
443
1
201
442
1
204
442
1
208
441
1
211
441
1
215
440
1
220
439
1
223
439
1
227
439
1
230
439
1
233
439
1
235
439
1
238
439
1
240
439
1
242
439
1
245
439
1
249
439
1
255
438
1
261
438
1
266
437
1
270
437
1
274
436
1
277
436
1
282
436
1
286
435
1
290
435
1
295
434
1
298
434
1
301
433
1
305
432
1
311
431
1
316
430
1
320
429
1
326
428
1
331
427
1
336
426
1
341
425
1
346
424
1
350
424
1
355
423
1
358
422
1
362
422
1
365
422
1
368
422
1
373
422
1
377
422
1
380
422
1
384
422
1
388
421
1
392
421
1
398
420
1
402
420
1
406
419
1
409
419
1
413
419
1
419
418
1
424
417
1
430
416
1
435
415
1
441
415
1
445
414
1
448
414
1
451
414
1
455
413
1
458
413
1
461
413
1
464
412
1
467
412
1
470
411
1
472
411
1
474
411
1
476
411
1
478
410
1
483
410
1
487
410
1
491
409
1
493
409
1
495
408
1
497
408
1
500
408
1
503
408
1
507
407
1
511
406
1
512
406
1
513
406
1
516
405
1
519
404
1
522
404
1
525
404
1
528
403
1
531
403
1
533
403
1
534
403
1
536
403
1
537
402
1
539
402
1
540
402
1
541
402
1
543
401
1
544
401
1
545
401
1
547
401
1
548
401
1
549
401
1
550
400
1
551
400
1
552
400
1
553
400
1
554
401
1
556
402
1
557
403
1
558
404
1
559
406
1
561
407
1
562
409
1
564
411
1
565
412
1
567
413
1
568
414
1
568
415
1
570
417
1
571
419
1
573
421
1
575
423
1
577
425
1
579
428
1
581
431
1
582
433
1
583
435
1
584
436
1
585
437
1
586
439
1
587
441
1
589
442
1
591
445
1
592
446
1
594
448
1
595
450
1
596
451
1
597
453
1
598
455
1
599
457
1
601
458
1
601
460
1
603
462
1
605
465
1
606
467
1
607
469
1
608
470
1
609
471
1
610
473
1
611
473
1
612
475
1
613
476
1
614
478
1
615
479
1
616
480
1
617
481
1
618
481
1
618
482
1
619
483
1
621
484
1
622
485
1
624
486
1
625
487
1
627
488
1
629
489
1
630
490
1
632
491
1
633
493
1
635
495
1
635
496
1
636
498
1
637
500
1
637
501
1
637
503
1
637
504
1
637
506
1
637
508
1
637
509
1
637
510
1
637
512
1
637
513
1
637
514
1
637
516
1
637
518
1
637
519
1
637
520
1
637
521
1
637
523
1
637
524
1
636
525
1
635
526
1
635
527
1
634
528
1
633
528
1
632
529
1
631
529
1
630
529
1
629
529
1
628
529
1
627
529
1
626
529
1
625
529
1
624
529
1
622
530
1
620
530
1
617
531
1
613
533
1
611
533
1
609
534
1
608
534
1
606
534
1
604
534
1
602
534
1
599
535
1
597
535
1
594
535
1
591
535
1
587
535
1
584
536
1
581
536
1
580
536
1
577
536
1
575
537
1
573
537
1
571
537
1
568
537
1
565
537
1
563
537
1
560
538
1
558
538
1
553
539
1
550
539
1
546
541
1
541
542
1
538
543
1
535
543
1
534
543
1
532
543
1
530
543
1
528
544
1
525
544
1
523
544
1
520
544
1
518
544
1
515
545
1
513
545
1
510
545
1
508
545
1
507
545
1
504
545
1
502
545
1
499
545
1
496
546
1
493
546
1
491
546
1
487
547
1
485
547
1
482
548
1
478
548
1
476
548
1
473
549
1
471
550
1
468
550
1
464
550
1
460
551
1
457
551
1
452
552
1
449
552
1
447
552
1
443
553
1
440
553
1
437
553
1
433
554
1
429
554
1
427
555
1
425
556
1
424
556
1
423
556
1
421
556
1
419
557
1
415
557
1
412
558
1
408
558
1
405
559
1
400
560
1
398
560
1
395
560
1
393
560
1
390
560
1
388
560
1
386
560
1
384
560
1
382
560
1
377
560
1
374
560
1
371
560
1
367
560
1
365
560
1
363
560
1
360
560
1
356
560
1
353
560
1
350
561
1
346
561
1
344
561
1
341
562
1
339
562
1
336
562
1
333
563
1
331
563
1
329
564
1
326
564
1
325
565
1
323
565
1
320
566
1
319
566
1
317
566
1
315
566
1
312
567
1
309
567
1
308
568
1
307
568
1
305
568
1
302
569
1
299
570
1
295
570
1
292
571
1
289
572
1
288
572
1
286
572
1
283
573
1
280
573
1
277
574
1
275
574
1
271
574
1
268
574
1
266
574
1
263
574
1
259
574
1
256
575
1
252
575
1
247
575
1
243
575
1
239
576
1
236
576
1
234
577
1
233
577
1
231
577
1
229
578
1
228
578
1
227
579
1
226
579
1
223
579
1
221
580
1
218
581
1
216
581
1
214
582
1
212
582
1
210
582
1
209
582
1
207
583
1
206
583
1
205
583
1
202
584
1
200
584
1
196
585
1
194
585
1
192
585
1
190
585
1
188
586
1
187
586
1
186
586
1
185
586
1
184
586
1
183
586
1
182
586
1
181
586
1
180
586
1
179
586
1
178
586
1
177
586
1
176
586
1
175
585
1
175
584
1
174
584
1
173
583
1
172
582
1
172
581
1
171
580
1
170
579
1
169
578
1
168
577
1
168
576
1
167
575
1
166
574
1
165
572
1
165
571
1
164
570
1
164
569
1
163
568
1
162
567
1
162
566
1
161
565
1
160
564
1
160
563
1
160
562
1
160
561
1
159
561
1
159
560
1
158
559
1
158
558
1
157
556
1
155
555
1
155
553
1
154
552
1
153
550
1
153
549
1
152
548
1
152
547
1
152
546
1
151
545
1
151
544
1
151
543
1
150
541
1
150
540
1
150
539
1
149
539
1
149
538
1
149
537
1
148
535
1
148
534
1
147
533
1
147
532
1
146
531
1
145
530
1
145
528
1
144
527
1
144
526
1
143
525
1
143
524
1
142
523
1
141
521
1
140
520
1
140
519
1
140
518
1
139
517
1
139
516
1
138
515
1
138
514
1
138
513
1
137
511
1
137
510
1
137
509
1
137
508
1
137
507
1
137
506
1
137
505
1
137
504
1
137
503
1
137
502
1
137
500
1
137
499
1
137
497
1
137
495
1
137
493
1
137
492
1
137
491
1
137
489
1
137
488
1
138
487
1
138
486
1
138
485
1
138
484
1
138
483
1
138
482
1
138
480
1
139
479
1
139
478
1
139
477
1
139
475
1
139
474
1
139
473
1
139
472
1
138
470
1
138
469
1
138
468
1
136
468
0
138
469
0
154
465
0
175
448
0
189
448
0
192
445
0
196
444
0
190
445
0
187
445
0
180
447
0
171
451
0
161
455
0
160
456
0
159
455
0
157
454
0
156
454
0
154
451
0
153
450
0
151
450
0
149
450
0
148
450
0
147
450
0
146
451
0
146
452
1
146
453
1
147
456
1
149
458
1
150
461
1
151
463
1
153
467
1
155
469
1
156
471
1
157
472
1
157
473
1
158
475
1
159
476
1
159
477
1
159
478
1
160
479
1
160
480
1
161
481
1
161
482
1
161
483
1
162
484
1
162
485
1
162
487
1
163
489
1
163
492
1
164
494
1
164
495
1
165
496
1
166
498
1
167
499
1
167
501
1
168
503
1
169
504
1
170
507
1
171
508
1
171
510
1
172
511
1
172
513
1
173
516
1
174
517
1
174
519
1
174
521
1
174
523
1
175
525
1
175
527
1
175
529
1
175
530
1
176
533
1
177
535
1
177
537
1
178
538
1
178
541
1
179
543
1
180
545
1
180
546
1
181
548
1
182
550
1
182
551
1
183
553
1
183
555
1
184
556
1
184
558
1
185
559
1
185
561
1
185
562
1
185
563
1
186
564
1
186
565
1
186
566
1
186
568
1
186
569
1
186
570
1
185
572
1
185
573
1
185
574
1
184
575
1
184
576
1
183
577
1
183
578
1
182
579
1
181
580
1
181
581
1
180
582
1
179
583
1
178
583
1
177
584
1
176
584
1
174
584
1
173
582
0
174
576
0
180
565
0
190
553
0
209
536
0
221
524
0
231
511
0
232
496
0
226
482
0
213
468
0
204
459
0
195
452
0
191
449
0
190
449
0
189
449
0
187
450
0
187
451
1
188
451
1
189
452
1
190
453
1
191
454
1
193
454
1
194
454
1
194
453
1
195
453
1
194
453
1
193
453
1
192
453
1
191
453
1
190
453
1
188
454
1
186
455
1
185
455
1
184
455
1
182
455
1
181
455
1
180
455
1
179
456
1
178
456
1
177
456
1
176
456
1
174
456
1
173
456
1
172
456
1
171
456
1
170
456
1
169
456
1
168
456
1
168
457
1
167
457
1
166
457
1
165
457
1
164
458
1
163
459
1
163
460
1
162
462
1
162
463
1
162
465
1
162
466
1
163
468
1
163
469
1
164
471
1
165
473
1
166
474
1
168
476
1
169
478
1
170
480
1
171
482
1
171
483
1
172
485
1
172
486
1
173
488
1
174
490
1
174
492
1
175
494
1
175
495
1
176
498
1
176
499
1
177
501
1
177
503
1
178
505
1
178
507
1
179
508
1
180
511
1
180
512
1
181
514
1
182
517
1
183
520
1
183
521
1
184
523
1
185
526
1
186
529
1
186
530
1
187
532
1
188
534
1
188
535
1
188
537
1
188
538
1
188
539
1
189
540
1
189
542
1
190
543
1
191
544
1
191
545
1
193
546
1
195
547
1
197
547
1
200
548
1
204
548
1
207
548
1
210
548
1
212
548
1
215
547
1
217
547
1
221
545
1
223
544
1
224
544
1
226
543
1
227
543
1
229
543
1
231
542
1
234
542
1
237
542
1
240
542
1
242
542
1
245
542
1
247
542
1
250
541
1
253
540
1
255
540
1
257
540
1
259
540
1
261
540
1
264
540
1
270
539
1
275
538
1
278
538
1
280
538
1
283
538
1
287
538
1
291
537
1
297
536
1
302
536
1
306
535
1
311
534
1
313
534
1
317
534
1
321
533
1
327
532
1
332
531
1
336
531
1
339
531
1
345
531
1
351
530
1
357
530
1
364
529
1
369
529
1
372
528
1
374
528
1
377
528
1
383
527
1
391
526
1
395
525
1
399
525
1
404
524
1
407
523
1
412
523
1
417
522
1
425
520
1
429
518
1
435
517
1
439
516
1
445
515
1
449
513
1
452
513
1
455
513
1
459
512
1
462
512
1
468
511
1
473
511
1
476
511
1
479
511
1
483
511
1
486
510
1
488
510
1
491
510
1
497
509
1
501
508
1
506
507
1
509
507
1
511
506
1
514
506
1
517
505
1
521
504
1
524
504
1
528
503
1
531
503
1
532
503
1
534
503
1
537
503
1
542
503
1
545
502
1
547
502
1
549
502
1
553
502
1
556
502
1
558
501
1
562
501
1
565
501
1
571
501
1
574
500
1
577
500
1
581
499
1
584
499
1
586
499
1
588
498
1
593
497
1
595
497
1
597
496
1
599
496
1
600
496
1
602
496
1
604
496
1
605
496
1
607
496
1
609
496
1
610
496
1
611
496
1
612
496
1
613
496
1
615
495
1
616
495
1
617
494
1
618
493
1
618
492
1
618
491
1
618
490
1
617
489
1
615
488
1
614
487
1
613
486
1
611
485
1
610
484
1
609
484
1
608
483
1
606
482
1
605
481
1
603
479
1
603
478
1
601
477
1
600
476
1
599
474
1
597
473
1
596
471
1
595
470
1
594
469
1
593
467
1
591
465
1
590
463
1
589
462
1
587
459
1
586
457
1
585
456
1
584
453
1
582
451
1
581
449
1
579
447
1
578
446
1
577
444
1
575
442
1
574
440
1
572
439
1
571
437
1
570
436
1
569
435
1
568
434
1
566
431
1
565
430
1
564
428
1
563
427
1
563
426
1
562
424
1
561
423
1
560
421
1
559
420
1
558
418
1
557
417
1
557
416
1
556
415
1
555
415
1
554
415
1
552
414
1
550
414
1
548
414
1
547
414
1
545
414
1
544
414
1
543
414
1
541
414
1
540
414
1
538
415
1
537
415
1
535
415
1
533
415
1
531
415
1
529
415
1
527
415
1
524
416
1
520
416
1
515
417
1
512
417
1
510
417
1
508
417
1
504
417
1
502
418
1
498
418
1
494
418
1
493
418
1
491
418
1
488
418
1
487
418
1
485
418
1
482
418
1
479
418
1
476
419
1
471
419
1
467
419
1
463
420
1
460
420
1
456
420
1
453
420
1
451
420
1
448
420
1
447
420
1
445
420
1
442
420
1
440
420
1
437
420
1
435
420
1
434
420
1
433
420
1
432
420
1
431
420
1
428
421
1
425
421
1
423
421
1
421
422
1
419
423
1
417
423
1
414
424
1
412
424
1
409
425
1
408
426
1
405
426
1
401
427
1
399
427
1
396
427
1
392
428
1
389
429
1
388
429
1
386
429
1
382
430
1
379
431
1
376
431
1
373
432
1
372
432
1
369
432
1
366
433
1
364
433
1
361
433
1
358
433
1
356
433
1
353
433
1
351
433
1
349
433
1
346
433
1
342
433
1
339
434
1
338
434
1
336
434
1
334
434
1
333
434
1
332
434
1
331
434
1
330
434
1
329
434
1
328
434
1
327
435
1
325
436
1
322
436
1
320
437
1
319
437
1
317
437
1
315
437
1
314
438
1
312
438
1
310
438
1
309
438
1
307
439
1
304
439
1
302
439
1
300
439
1
298
440
1
296
440
1
293
440
1
291
440
1
289
441
1
287
441
1
286
441
1
285
441
1
284
441
1
283
442
1
282
442
1
280
442
1
278
442
1
276
442
1
275
442
1
274
442
1
271
443
1
269
443
1
267
443
1
266
444
1
265
444
1
262
444
1
258
445
1
256
445
1
255
445
1
253
445
1
251
445
1
250
445
1
248
446
1
247
446
1
246
446
1
243
446
1
242
447
1
240
447
1
239
447
1
238
447
1
237
447
1
236
448
1
234
448
1
232
449
1
231
449
1
230
449
1
229
449
1
226
450
1
225
450
1
224
450
1
222
450
1
221
451
1
219
451
1
218
451
1
215
451
1
214
451
1
213
451
1
212
451
1
211
452
1
209
452
1
208
452
1
206
453
1
205
453
1
204
453
1
203
453
1
202
454
1
201
454
1
200
454
1
199
454
1
198
454
1
197
454
1
196
454
1
195
454
1
194
454
1
193
454
1
195
454
0
195
452
0
195
454
0
191
457
0
182
460
0
168
460
0
156
460
0
150
460
0
147
460
0
146
461
0
147
465
0
149
472
0
154
481
0
156
486
0
159
494
0
161
501
0
163
512
0
167
523
0
169
531
0
172
541
0
175
547
0
179
555
0
181
562
0
184
568
0
187
571
0
190
574
0
192
576
0
193
577
0
192
578
0
191
578
0
189
577
0
188
577
0
187
576
0
186
575
0
185
574
0
184
573
0
187
574
1
189
574
1
192
574
1
195
574
1
197
573
1
200
573
1
203
572
1
206
571
1
208
571
1
213
570
1
215
569
1
217
569
1
219
569
1
221
568
1
224
568
1
227
568
1
230
568
1
233
568
1
237
568
1
240
567
1
242
567
1
245
567
1
248
567
1
249
567
1
251
567
1
256
566
1
261
565
1
266
565
1
270
565
1
274
565
1
278
564
1
280
564
1
284
564
1
287
564
1
291
564
1
296
563
1
300
563
1
303
563
1
306
562
1
309
562
1
312
562
1
316
561
1
318
561
1
321
560
1
325
559
1
329
558
1
332
558
1
334
557
1
336
557
1
339
556
1
341
556
1
343
556
1
345
555
1
348
555
1
350
554
1
352
554
1
355
554
1
358
553
1
361
553
1
365
552
1
368
552
1
370
551
1
372
551
1
376
550
1
379
549
1
382
548
1
386
548
1
390
547
1
395
546
1
397
545
1
400
545
1
403
544
1
405
544
1
406
544
1
408
544
1
410
543
1
413
543
1
415
543
1
417
543
1
420
542
1
423
542
1
428
540
1
430
539
1
433
539
1
435
538
1
437
538
1
440
537
1
442
536
1
445
536
1
448
535
1
452
534
1
456
534
1
460
533
1
462
533
1
464
533
1
466
533
1
468
533
1
469
533
1
472
533
1
474
533
1
475
533
1
477
533
1
479
533
1
481
533
1
485
533
1
489
532
1
494
531
1
498
531
1
502
531
1
505
531
1
508
531
1
511
530
1
513
530
1
516
530
1
518
530
1
521
530
1
524
530
1
528
530
1
530
530
1
534
530
1
536
529
1
538
529
1
541
529
1
543
528
1
547
528
1
550
527
1
555
527
1
559
526
1
562
525
1
567
524
1
570
524
1
574
523
1
578
522
1
582
521
1
585
521
1
588
520
1
590
520
1
593
520
1
596
519
1
598
519
1
600
519
1
601
519
1
605
519
1
608
518
1
611
518
1
613
518
1
614
518
1
617
518
1
619
518
1
621
518
1
623
518
1
625
517
1
626
517
1
628
517
1
630
516
1
631
516
1
634
515
1
635
515
1
637
515
1
638
515
1
639
515
1
636
515
0
633
516
0
632
516
0
629
516
0
626
516
0
623
516
0
623
515
0
622
512
0
622
508
0
622
500
0
621
488
0
620
470
0
617
448
0
611
437
0
587
413
0
554
393
0
517
372
0
466
342
0
413
303
0
374
277
0
333
256
0
286
230
0
253
220
0
214
220
0
186
218
0
163
218
0
144
212
0
142
202
0
140
200
0
146
197
0
159
187
0
169
174
0
184
165
0
186
163
0
189
172
0
189
176
0
187
178
0
187
174
0
187
169
0
187
165
0
182
159
0
171
152
0
162
150
0
151
149
0
145
148
0
135
146
0
128
146
0
121
147
0
112
148
0
104
150
0
95
153
0
93
154
0
92
154
1
91
153
1
90
153
1
89
153
1
93
154
0
87
147
0
88
146
0
88
143
0
88
142
0
88
143
0
88
144
1
87
145
1
91
145
1
95
145
1
98
145
1
102
145
1
106
145
1
108
145
1
111
144
1
115
144
1
118
143
1
120
142
1
122
142
1
126
141
1
129
141
1
132
140
1
135
139
1
140
137
1
144
137
1
148
136
1
153
135
1
158
134
1
161
134
1
163
134
1
166
134
1
170
134
1
174
134
1
177
134
1
180
134
1
183
134
1
185
134
1
188
134
1
190
134
1
194
134
1
196
134
1
198
134
1
201
134
1
203
133
1
206
133
1
209
133
1
213
133
1
216
133
1
221
133
1
225
133
1
231
133
1
236
133
1
240
133
1
243
133
1
247
133
1
253
133
1
258
133
1
263
133
1
267
133
1
272
133
1
276
133
1
282
133
1
288
133
1
291
133
1
296
133
1
301
133
1
307
133
1
312
133
1
318
133
1
322
133
1
326
133
1
330
133
1
333
133
1
336
133
1
340
133
1
345
132
1
348
132
1
351
131
1
354
131
1
358
130
1
366
128
1
370
128
1
374
127
1
378
126
1
383
126
1
386
125
1
388
125
1
390
125
1
392
125
1
394
124
1
397
124
1
401
124
1
404
123
1
405
123
1
406
123
1
408
123
1
410
123
1
412
123
1
414
123
1
415
123
1
418
123
1
420
123
1
422
124
1
424
124
1
427
124
1
429
125
1
430
125
1
432
125
1
435
126
1
438
126
1
442
127
1
447
127
1
450
127
1
454
127
1
457
127
1
459
127
1
461
127
1
463
127
1
467
128
1
470
128
1
474
128
1
476
128
1
480
128
1
483
128
1
485
128
1
488
128
1
490
128
1
492
128
1
495
128
1
498
129
1
499
129
1
501
129
1
503
129
1
504
129
1
507
129
1
509
129
1
514
129
1
516
129
1
518
130
1
520
130
1
521
130
1
523
130
1
524
131
1
526
131
1
528
132
1
529
132
1
530
133
1
533
135
1
534
137
1
535
138
1
536
140
1
537
143
1
538
146
1
538
148
1
538
150
1
538
153
1
538
158
1
539
162
1
539
166
1
539
169
1
539
174
1
539
179
1
539
182
1
539
184
1
539
186
1
539
189
1
539
191
1
539
194
1
540
198
1
540
202
1
541
206
1
542
210
1
542
214
1
543
218
1
544
221
1
544
224
1
544
227
1
545
231
1
545
234
1
546
237
1
546
241
1
547
245
1
547
249
1
548
252
1
548
255
1
549
259
1
549
262
1
550
265
1
551
269
1
551
272
1
552
275
1
552
277
1
552
280
1
553
283
1
553
286
1
553
289
1
553
292
1
553
296
1
553
300
1
553
302
1
553
305
1
553
309
1
553
311
1
553
314
1
553
316
1
553
319
1
554
322
1
554
324
1
555
328
1
555
330
1
556
333
1
556
334
1
556
337
1
557
339
1
557
341
1
557
344
1
557
346
1
557
349
1
557
351
1
557
354
1
557
355
1
557
356
1
557
357
1
557
358
1
556
359
1
555
360
1
555
361
1
554
362
1
552
364
1
551
365
1
550
366
1
549
367
1
548
367
1
546
368
1
545
368
1
545
369
1
544
369
1
543
369
1
542
369
1
541
370
1
540
370
1
539
370
1
538
371
1
537
371
1
535
371
1
534
371
1
533
371
1
530
371
1
529
372
1
526
372
1
523
373
1
519
374
1
517
374
1
515
375
1
514
375
1
512
375
1
508
375
1
506
376
1
503
376
1
500
376
1
496
377
1
492
377
1
488
378
1
486
379
1
483
379
1
479
379
1
476
380
1
471
380
1
467
381
1
461
381
1
457
383
1
453
384
1
450
384
1
447
385
1
444
385
1
441
385
1
437
386
1
434
387
1
430
387
1
428
388
1
424
388
1
422
388
1
420
388
1
417
388
1
414
388
1
411
388
1
408
388
1
404
389
1
402
389
1
399
389
1
396
389
1
393
389
1
391
390
1
389
390
1
386
390
1
384
390
1
381
390
1
379
391
1
376
391
1
371
391
1
366
392
1
359
393
1
354
393
1
349
393
1
344
393
1
340
394
1
338
394
1
335
394
1
333
394
1
331
395
1
328
395
1
326
396
1
324
396
1
322
397
1
320
397
1
317
398
1
315
398
1
312
399
1
310
400
1
308
400
1
305
401
1
302
402
1
299
403
1
295
404
1
291
405
1
286
406
1
283
406
1
279
407
1
274
408
1
271
408
1
268
408
1
264
409
1
261
409
1
258
409
1
256
409
1
254
410
1
252
410
1
251
410
1
250
410
1
247
410
1
244
410
1
241
410
1
238
410
1
235
411
1
231
412
1
228
413
1
225
414
1
224
414
1
221
414
1
219
415
1
217
415
1
215
416
1
213
416
1
212
416
1
211
417
1
209
417
1
207
417
1
204
417
1
201
417
1
197
417
1
195
417
1
194
417
1
192
418
1
191
418
1
189
418
1
187
418
1
186
418
1
185
418
1
183
418
1
181
418
1
179
418
1
177
418
1
176
418
1
175
418
1
174
418
1
172
418
1
171
418
1
169
418
1
167
418
1
166
418
1
165
418
1
164
419
1
163
420
1
163
421
1
163
422
1
163
423
1
162
424
1
161
424
1
160
424
1
158
424
1
157
423
1
156
423
1
156
422
1
155
422
1
154
422
1
153
422
1
152
422
1
151
423
1
151
425
1
151
426
1
151
428
1
151
430
1
151
431
1
151
433
1
151
434
1
151
435
1
151
437
1
151
438
1
152
439
1
152
440
1
152
441
1
152
442
1
152
443
1
153
443
1
153
444
1
153
445
1
153
446
1
153
447
1
153
448
1
154
444
0
159
434
0
174
422
0
198
422
0
235
417
0
287
408
0
324
402
0
368
395
0
399
392
0
434
391
0
460
394
0
492
398
0
515
400
0
536
402
0
546
405
0
549
406
0
550
407
0
551
405
0
551
404
0
551
400
0
548
396
0
546
394
0
544
391
0
543
390
0
542
390
0
541
388
0
540
385
0
540
384
0
540
383
0
538
380
0
538
378
1
538
377
1
537
376
1
537
374
1
536
374
1
536
376
1
536
379
1
535
381
1
535
382
1
535
384
1
535
385
1
535
387
1
535
388
1
535
389
1
535
390
1
535
391
1
534
392
1
534
393
1
534
394
1
533
395
1
533
396
1
533
397
1
532
399
1
532
400
1
532
401
1
531
402
1
531
404
1
531
405
1
531
406
1
531
407
1
529
403
0
528
397
0
528
396
0
526
394
0
525
388
0
523
383
0
517
377
0
501
367
0
465
348
0
425
338
0
388
328
0
348
306
0
322
283
0
293
252
0
269
233
0
239
212
0
221
195
0
200
176
0
184
163
0
168
151
0
147
136
0
129
128
0
105
127
0
86
126
0
70
129
0
68
132
0
69
134
0
70
136
0
71
138
0
74
140
0
77
141
0
81
141
0
84
143
0
85
144
0
88
144
0
89
144
0
89
145
0
89
146
0
89
148
0
90
149
0
89
148
0
88
147
0
87
147
1
88
147
1
90
148
1
93
148
1
94
148
1
96
148
1
98
148
1
99
148
1
100
148
1
101
147
1
103
147
1
104
146
1
105
146
1
106
146
1
107
146
1
108
145
1
110
145
1
112
145
1
113
145
1
114
145
1
115
145
1
116
145
1
117
146
1
119
147
1
120
148
1
122
149
1
123
149
1
124
150
1
125
150
1
125
151
1
126
151
1
127
151
1
128
151
1
129
151
1
130
151
1
131
151
1
132
151
1
133
152
1
135
152
1
136
152
1
138
153
1
139
153
1
140
153
1
141
153
1
142
153
1
143
154
1
144
154
1
146
154
1
147
154
1
148
154
1
148
155
1
150
155
1
152
156
1
153
156
1
154
157
1
155
158
1
156
159
1
157
160
1
158
162
1
159
164
1
159
165
1
159
167
1
160
170
1
160
173
1
160
174
1
160
176
1
160
179
1
160
182
1
160
184
1
160
185
1
160
187
1
159
189
1
159
193
1
159
196
1
159
199
1
159
201
1
159
204
1
159
206
1
159
208
1
159
210
1
159
212
1
159
215
1
159
218
1
159
220
1
159
222
1
159
225
1
159
228
1
159
230
1
159
233
1
159
235
1
159
239
1
160
241
1
160
243
1
160
245
1
160
247
1
160
249
1
160
250
1
161
252
1
161
254
1
161
257
1
161
260
1
162
261
1
162
262
1
162
263
1
162
265
1
162
266
1
163
269
1
163
270
1
163
271
1
163
273
1
164
275
1
164
278
1
165
282
1
165
284
1
165
286
1
165
289
1
165
291
1
165
293
1
165
295
1
165
298
1
165
299
1
165
300
1
165
303
1
165
306
1
165
309
1
165
312
1
165
314
1
165
316
1
165
320
1
165
322
1
165
325
1
165
327
1
165
328
1
165
331
1
165
334
1
165
337
1
165
340
1
165
345
1
165
349
1
165
352
1
165
355
1
166
358
1
166
361
1
166
364
1
166
367
1
166
369
1
166
371
1
166
373
1
166
375
1
166
377
1
166
380
1
165
383
1
164
385
1
164
387
1
164
390
1
163
392
1
163
395
1
162
396
1
162
398
1
162
399
1
162
401
1
161
402
1
161
404
1
161
405
1
161
407
1
161
409
1
161
410
1
161
411
1
161
412
1
161
414
1
161
416
1
161
417
1
161
419
1
161
421
1
160
415
0
158
401
0
151
376
0
141
365
0
135
355
0
130
348
0
124
347
0
112
341
0
106
338
0
99
334
0
97
332
0
91
329
0
83
328
0
78
326
0
77
325
0
75
323
0
74
322
0
74
321
0
73
320
0
74
320
0
75
320
0
76
320
0
75
320
1
76
320
1
78
321
1
82
323
1
84
324
1
87
326
1
90
328
1
93
330
1
95
332
1
96
333
1
97
334
1
99
335
1
100
337
1
101
338
1
102
339
1
103
340
1
104
341
1
106
343
1
107
344
1
107
346
1
109
348
1
110
349
1
112
352
1
115
355
1
117
358
1
119
360
1
121
362
1
123
364
1
124
365
1
125
367
1
126
368
1
127
369
1
129
371
1
130
372
1
131
375
1
133
377
1
135
380
1
137
382
1
139
384
1
140
386
1
142
387
1
145
388
1
146
390
1
149
391
1
151
392
1
153
393
1
156
395
1
158
396
1
159
397
1
159
398
1
160
399
1
160
400
1
161
402
1
162
403
1
163
404
1
164
404
1
166
404
1
171
403
1
176
402
1
182
400
1
188
399
1
192
399
1
195
398
1
200
398
1
203
397
1
205
397
1
208
397
1
211
397
1
216
397
1
219
397
1
224
397
1
228
397
1
230
397
1
233
397
1
236
397
1
238
397
1
241
397
1
245
396
1
249
395
1
252
395
1
258
394
1
262
393
1
266
392
1
270
391
1
273
391
1
278
391
1
282
390
1
287
389
1
292
389
1
297
389
1
301
389
1
307
388
1
310
388
1
315
388
1
318
388
1
321
387
1
324
386
1
327
386
1
331
385
1
335
384
1
340
383
1
344
382
1
350
381
1
354
381
1
358
380
1
363
380
1
368
380
1
373
379
1
379
378
1
385
378
1
389
377
1
393
376
1
397
375
1
400
375
1
402
374
1
404
374
1
407
374
1
409
373
1
412
373
1
415
373
1
419
372
1
422
372
1
425
372
1
429
371
1
433
371
1
438
370
1
442
369
1
446
368
1
449
368
1
453
367
1
456
366
1
461
365
1
465
364
1
470
364
1
474
363
1
479
362
1
484
361
1
489
361
1
492
360
1
495
360
1
501
360
1
505
360
1
509
360
1
511
360
1
514
359
1
517
359
1
519
359
1
521
359
1
523
359
1
525
359
1
527
358
1
529
358
1
532
357
1
536
356
1
539
356
1
542
356
1
544
355
1
547
355
1
550
354
1
552
353
1
554
353
1
556
352
1
560
352
1
565
352
1
566
351
1
567
351
1
568
351
1
567
352
1
564
352
0
558
344
0
550
327
0
534
306
0
514
290
0
496
278
0
477
270
0
462
262
0
459
263
0
455
259
0
456
258
0
458
264
0
458
272
0
462
274
0
466
263
0
470
252
0
471
249
0
471
244
0
471
241
0
471
239
0
473
240
0
476
243
0
477
244
0
476
245
0
473
246
0
471
248
0
468
251
0
464
254
0
461
256
0
459
257
0
457
257
0
456
257
0
455
257
0
453
259
0
452
260
0
452
262
0
450
263
0
449
265
0
447
265
0
447
268
0
449
276
0
452
284
0
455
287
0
460
292
0
463
295
0
467
298
0
469
299
0
472
300
0
474
302
0
474
303
0
474
304
0
475
305
0
475
306
0
474
307
0
472
306
0
471
308
1
470
308
1
470
307
1
470
308
1
470
311
1
471
316
1
471
318
1
471
319
1
472
321
1
472
322
1
473
322
1
475
322
1
478
322
1
479
322
1
481
322
1
483
322
1
485
322
1
486
322
1
488
322
1
490
322
1
492
321
1
495
321
1
496
321
1
498
320
1
499
320
1
502
319
1
503
319
1
505
319
1
507
318
1
511
318
1
513
318
1
515
318
1
517
318
1
519
318
1
520
318
1
521
318
1
523
318
1
525
318
1
526
318
1
527
318
1
529
318
1
530
318
1
531
318
1
532
318
1
533
318
1
534
318
1
535
318
1
535
317
1
535
315
1
535
312
1
535
310
1
535
308
1
535
307
1
534
305
1
534
304
1
534
303
1
534
302
1
534
301
1
534
300
1
533
300
1
531
300
1
529
300
1
527
300
1
525
301
1
523
302
1
521
302
1
520
303
1
518
303
1
516
304
1
515
304
1
514
304
1
512
304
1
511
304
1
509
304
1
507
304
1
505
304
1
503
305
1
501
305
1
500
305
1
498
306
1
496
306
1
494
307
1
493
307
1
491
307
1
489
308
1
488
308
1
486
308
1
485
308
1
484
308
1
482
309
1
481
309
1
479
309
1
478
309
1
477
309
1
476
309
1
475
309
1
474
309
1
473
310
1
471
310
1
471
311
1
470
311
1
469
311
0
469
312
0
470
311
0
470
309
0
470
304
0
470
290
0
470
280
0
466
273
0
459
264
0
448
251
0
416
228
0
388
213
0
354
197
0
329
184
0
301
170
0
280
159
0
255
147
0
238
139
0
222
135
0
210
135
0
200
135
0
197
136
0
195
137
0
192
138
0
184
140
0
171
144
0
165
146
0
162
146
0
159
145
0
156
145
0
154
144
0
153
142
0
152
141
0
151
141
0
150
141
0
149
142
0
146
143
0
145
145
0
142
147
0
141
148
0
140
149
0
139
149
0
137
148
1
136
148
1
137
148
1
139
148
1
141
148
1
143
148
1
144
148
1
146
148
1
148
148
1
150
147
1
152
147
1
154
147
1
158
147
1
160
147
1
165
146
1
166
146
1
169
146
1
172
145
1
174
145
1
177
145
1
179
144
1
183
144
1
186
144
1
189
143
1
192
143
1
196
143
1
199
142
1
201
142
1
206
142
1
209
142
1
212
142
1
213
141
1
216
141
1
219
141
1
222
141
1
224
141
1
229
140
1
234
140
1
236
139
1
239
139
1
242
139
1
246
139
1
249
138
1
252
138
1
255
138
1
257
137
1
258
137
1
260
136
1
264
135
1
266
135
1
268
135
1
270
135
1
272
135
1
275
135
1
278
135
1
281
135
1
286
135
1
291
135
1
295
135
1
299
135
1
303
135
1
306
135
1
309
135
1
312
135
1
314
135
1
319
135
1
324
134
1
327
133
1
331
133
1
335
133
1
339
132
1
341
132
1
343
132
1
346
132
1
348
132
1
351
132
1
352
132
1
355
132
1
358
132
1
361
132
1
364
132
1
366
132
1
370
132
1
372
132
1
376
132
1
378
132
1
380
132
1
381
132
1
382
132
1
385
132
1
388
132
1
391
133
1
394
133
1
397
133
1
400
134
1
403
134
1
405
134
1
407
134
1
410
134
1
411
134
1
413
134
1
415
135
1
416
135
1
418
135
1
419
136
1
420
136
1
421
137
1
422
138
1
423
139
1
424
139
1
425
140
1
426
141
1
426
142
1
427
143
1
427
144
1
428
146
1
429
148
1
430
150
1
430
152
1
431
155
1
431
157
1
432
159
1
432
162
1
433
166
1
434
168
1
434
170
1
435
172
1
435
175
1
436
178
1
437
181
1
437
184
1
437
186
1
437
189
1
438
192
1
438
195
1
438
197
1
438
198
1
438
200
1
438
203
1
438
207
1
438
210
1
439
214
1
439
219
1
439
223
1
439
228
1
440
231
1
440
234
1
440
237
1
440
238
1
440
240
1
440
243
1
440
247
1
440
251
1
440
254
1
440
257
1
440
259
1
441
264
1
442
267
1
443
269
1
443
270
1
443
273
1
444
276
1
444
279
1
444
280
1
445
284
1
445
287
1
446
290
1
446
291
1
446
293
1
446
296
1
446
299
1
446
303
1
446
305
1
446
308
1
446
310
1
446
312
1
446
314
1
445
317
1
445
319
1
444
322
1
444
324
1
444
326
1
444
329
1
444
331
1
444
332
1
444
333
1
443
335
1
442
336
1
441
337
1
439
339
1
438
341
1
437
342
1
436
343
1
435
344
1
433
345
1
432
346
1
431
347
1
429
348
1
428
349
1
427
349
1
424
351
1
420
352
1
416
353
1
411
354
1
408
354
1
406
354
1
402
353
1
399
353
1
396
353
1
393
352
1
390
352
1
387
352
1
384
352
1
381
352
1
377
352
1
373
352
1
370
352
1
368
353
1
366
353
1
363
354
1
358
355
1
355
355
1
351
356
1
346
358
1
340
359
1
337
360
1
335
360
1
332
361
1
328
361
1
324
362
1
320
363
1
315
364
1
311
365
1
308
366
1
306
366
1
302
366
1
300
366
1
297
366
1
294
366
1
291
365
1
287
365
1
284
365
1
280
365
1
277
365
1
274
365
1
271
365
1
269
365
1
267
365
1
263
365
1
260
366
1
258
366
1
256
366
1
253
367
1
250
368
1
245
369
1
240
370
1
237
370
1
236
371
1
234
371
1
230
371
1
227
371
1
223
371
1
221
371
1
218
372
1
214
372
1
212
372
1
211
372
1
209
372
1
208
372
1
206
372
1
204
372
1
203
372
1
202
372
1
200
372
1
198
371
1
197
370
1
196
369
1
195
368
1
194
366
1
193
365
1
191
362
1
191
360
1
190
357
1
190
355
1
190
351
1
190
348
1
190
345
1
190
342
1
189
339
1
189
335
1
188
331
1
188
329
1
188
327
1
187
324
1
186
319
1
186
316
1
185
311
1
184
307
1
183
302
1
182
298
1
182
296
1
182
294
1
182
291
1
182
287
1
182
284
1
182
282
1
182
279
1
182
276
1
182
273
1
181
269
1
181
266
1
181
263
1
180
261
1
180
258
1
180
256
1
179
253
1
179
250
1
178
248
1
178
244
1
178
240
1
178
236
1
177
232
1
177
230
1
177
228
1
177
225
1
177
223
1
177
220
1
177
216
1
177
211
1
177
206
1
177
203
1
177
201
1
177
200
1
177
199
1
177
196
1
177
193
1
177
190
1
177
187
1
177
185
1
177
183
1
177
181
1
177
179
1
177
177
1
177
175
1
176
172
1
176
170
1
176
169
1
175
168
1
175
167
1
174
165
1
173
164
1
172
163
1
172
162
1
171
160
1
170
159
1
169
158
1
168
157
1
167
155
1
166
154
1
165
153
1
164
153
1
163
152
1
161
152
1
160
151
1
158
150
1
157
150
1
156
150
1
155
150
1
154
150
1
154
149
1
152
149
1
150
149
1
149
149
1
148
149
1
147
149
1
145
149
1
144
149
1
143
149
1
140
145
0
144
132
0
147
130
0
324
223
0
324
227
0
327
231
0
337
238
0
345
241
0
348
246
0
337
251
0
328
248
0
314
231
0
304
221
0
295
216
0
289
209
0
286
199
0
284
190
0
284
187
0
287
189
0
284
195
0
279
198
0
265
202
0
255
206
0
245
208
0
236
206
0
231
204
0
224
204
0
219
205
0
217
203
0
216
203
0
215
202
0
214
200
0
213
201
0
212
201
0
212
200
0
211
197
0
210
196
0
209
195
0
208
195
0
207
194
0
206
194
0
204
195
0
202
195
0
200
196
0
199
197
1
200
197
1
204
197
1
207
197
1
211
197
1
213
197
1
214
197
1
216
197
1
219
197
1
222
197
1
224
197
1
226
197
1
229
197
1
233
197
1
235
197
1
237
197
1
241
197
1
245
197
1
250
197
1
253
197
1
254
197
1
255
197
1
258
196
1
262
196
1
264
196
1
266
195
1
271
195
1
278
193
1
280
193
1
283
193
1
288
192
1
292
191
1
293
191
1
294
191
1
296
191
1
299
191
1
302
190
1
303
190
1
307
190
1
312
190
1
315
189
1
317
189
1
319
189
1
324
188
1
327
187
1
328
187
1
329
187
1
331
186
1
330
186
0
313
186
0
295
188
0
275
191
0
260
192
0
243
192
0
238
192
0
231
192
0
227
193
0
220
195
0
219
196
0
216
197
0
215
198
0
214
199
0
213
200
0
211
202
0
209
203
0
207
203
0
206
204
0
206
203
0
205
203
0
204
203
1
202
203
1
200
203
1
199
203
1
200
203
1
202
204
1
204
205
1
207
206
1
210
206
1
212
207
1
214
208
1
217
208
1
221
208
1
225
208
1
229
208
1
233
208
1
236
208
1
240
207
1
244
207
1
249
206
1
251
205
1
256
204
1
261
204
1
263
204
1
265
204
1
267
204
1
269
204
1
272
204
1
275
204
1
279
204
1
283
203
1
289
203
1
295
203
1
303
202
1
306
201
1
309
201
1
310
200
1
312
200
1
314
200
1
315
200
1
316
200
1
318
199
1
320
198
1
321
198
1
322
197
1
324
197
1
325
197
1
327
196
1
328
196
1
330
196
1
330
197
1
328
197
1
317
197
0
293
198
0
274
200
0
253
203
0
242
204
0
235
204
0
230
204
0
225
204
0
221
206
0
219
207
0
216
209
0
214
211
0
211
212
0
210
213
0
209
214
0
208
214
0
207
214
0
206
213
0
205
213
0
204
214
0
204
215
1
205
216
1
208
217
1
211
218
1
214
219
1
218
219
1
222
220
1
225
220
1
229
220
1
233
220
1
236
219
1
240
219
1
243
219
1
247
219
1
251
219
1
254
219
1
259
219
1
266
218
1
272
217
1
275
216
1
279
216
1
286
214
1
291
213
1
294
213
1
295
213
1
298
213
1
301
213
1
302
213
1
304
213
1
307
213
1
309
213
1
310
213
1
312
213
1
314
213
1
315
213
1
318
211
1
321
210
1
322
210
1
323
209
1
324
209
1
325
208
1
326
208
1
328
207
1
329
207
1
330
206
1
331
206
1
332
206
1
335
206
1
338
207
1
340
207
1
341
207
1
342
207
1
340
207
1
327
206
0
304
211
0
281
214
0
254
217
0
239
219
0
233
221
0
230
221
0
225
220
0
222
220
0
221
221
0
218
222
0
216
224
0
215
224
0
213
226
0
212
227
0
209
229
0
208
230
0
206
230
0
205
231
0
205
230
0
205
229
0
206
227
1
207
227
1
212
227
1
217
228
1
223
229
1
227
229
1
231
229
1
237
229
1
242
228
1
246
228
1
251
228
1
256
226
1
262
226
1
267
226
1
271
226
1
275
225
1
279
225
1
284
225
1
290
225
1
296
224
1
302
224
1
306
223
1
309
223
1
312
222
1
317
220
1
319
219
1
320
219
1
323
219
1
326
218
1
329
218
1
332
218
1
338
218
1
341
219
1
344
219
1
346
219
1
347
219
1
349
219
1
351
218
1
353
217
1
357
217
1
360
217
1
364
216
1
367
216
1
369
216
1
367
216
1
351
216
0
321
217
0
292
221
0
269
226
0
248
229
0
241
230
0
235
230
0
230
231
0
227
233
0
223
233
0
221
233
0
219
233
0
215
235
0
212
237
0
210
238
0
209
239
0
207
240
0
206
240
0
209
240
1
213
240
1
216
240
1
219
240
1
223
240
1
227
240
1
229
240
1
232
240
1
235
240
1
236
240
1
238
240
1
241
240
1
242
240
1
244
240
1
247
239
1
248
238
1
245
238
1
238
238
1
231
238
1
225
238
1
221
238
1
218
238
1
216
237
1
214
237
1
212
237
1
211
237
1
209
238
1
206
239
1
210
239
1
219
239
1
228
239
1
236
239
1
242
238
1
243
238
1
244
238
1
247
238
1
249
237
1
246
237
1
238
237
1
229
237
1
224
238
1
220
239
1
216
239
1
213
240
1
211
240
1
210
239
0
212
238
0
213
239
0
214
244
0
214
248
0
216
258
0
220
268
0
223
276
0
221
281
0
217
281
0
215
281
0
211
281
0
209
280
0
208
274
0
209
270
0
209
266
0
209
262
0
210
261
0
209
261
0
208
260
0
207
260
0
212
260
1
219
260
1
226
258
1
231
256
1
234
256
1
240
255
1
244
253
1
247
253
1
252
253
1
258
252
1
263
251
1
268
251
1
274
251
1
279
250
1
285
249
1
293
249
1
300
249
1
306
248
1
311
248
1
316
247
1
320
246
1
322
246
1
323
245
1
325
245
1
327
245
1
321
245
0
295
248
0
264
252
0
245
256
0
228
261
0
220
263
0
217
264
0
214
265
0
212
265
0
211
265
0
210
265
0
209
266
0
204
267
1
209
268
1
213
268
1
218
267
1
221
266
1
224
266
1
227
266
1
229
265
1
233
265
1
235
265
1
237
265
1
243
265
1
247
264
1
251
264
1
255
264
1
260
263
1
262
263
1
265
263
1
270
263
1
275
262
1
280
262
1
284
262
1
288
261
1
290
261
1
293
260
1
296
259
1
299
258
1
301
258
1
303
258
1
304
258
1
306
258
1
308
258
1
311
258
1
314
258
1
315
258
1
318
258
1
320
258
1
323
258
1
325
258
1
328
258
1
330
258
1
333
258
1
334
257
1
336
257
1
327
257
0
307
261
0
287
263
0
264
266
0
244
267
0
234
268
0
229
269
0
223
269
0
218
269
0
214
269
0
211
269
0
209
270
0
208
272
0
208
273
0
207
274
0
207
275
0
206
277
0
205
278
0
207
278
1
208
277
1
209
277
1
212
276
1
218
275
1
222
274
1
227
274
1
231
274
1
237
274
1
242
274
1
246
274
1
253
273
1
257
273
1
262
273
1
266
272
1
270
272
1
273
272
1
277
271
1
283
270
1
286
269
1
290
269
1
293
269
1
295
269
1
297
269
1
298
269
1
299
269
1
302
269
1
305
268
1
306
268
1
307
268
1
308
268
1
309
268
1
311
267
1
314
267
1
315
267
1
316
267
1
319
267
1
322
266
1
323
266
1
325
266
1
326
266
1
320
265
0
301
264
0
278
267
0
257
272
0
245
276
0
237
279
0
231
281
0
226
281
0
222
283
0
218
284
0
216
284
0
214
285
0
211
285
0
209
285
0
208
286
0
209
287
1
214
286
1
219
286
1
225
285
1
229
284
1
234
284
1
239
284
1
243
283
1
247
283
1
253
283
1
257
283
1
261
283
1
265
283
1
270
282
1
273
282
1
277
282
1
283
282
1
288
282
1
291
282
1
295
281
1
298
281
1
300
280
1
303
280
1
304
279
1
300
279
0
293
280
0
280
285
0
263
291
0
250
293
0
241
295
0
232
296
0
229
297
0
226
298
0
222
298
0
220
297
0
219
297
0
216
297
0
215
297
0
214
297
0
213
297
0
213
296
0
212
295
0
212
294
1
212
296
1
212
300
1
215
294
1
217
291
1
217
294
1
217
296
1
217
297
1
217
298
1
218
297
1
219
295
1
220
298
1
221
299
1
223
298
1
225
294
1
225
296
1
226
296
1
228
293
1
228
292
1
228
296
1
228
300
1
230
299
1
232
292
1
232
296
1
232
299
1
234
298
1
238
292
1
238
291
1
238
294
1
240
295
1
243
291
1
245
288
1
245
291
1
245
295
1
247
294
1
249
290
1
249
295
1
250
296
1
254
292
1
255
289
1
254
292
1
254
294
1
256
294
1
258
290
1
259
290
1
259
294
1
260
296
1
264
293
1
267
289
1
266
293
1
268
294
1
271
292
1
274
289
1
273
291
1
272
295
1
275
295
1
278
291
1
278
290
1
278
292
1
278
294
1
280
294
1
283
289
1
283
288
1
282
292
1
282
295
1
285
293
1
289
286
1
288
286
1
288
292
1
288
294
1
291
292
1
292
287
1
292
288
1
292
292
1
293
293
1
297
289
1
298
287
1
297
288
1
297
291
1
298
291
1
302
286
1
302
285
1
302
289
1
302
290
1
305
286
1
309
281
1
308
283
1
307
288
1
307
291
1
310
287
1
312
283
1
312
287
1
312
289
1
313
286
1
315
281
1
315
282
1
315
288
1
315
289
1
315
287
1
317
282
1
317
286
1
317
288
1
318
287
1
320
281
1
321
281
1
321
285
1
321
286
1
322
284
1
324
281
1
324
282
1
324
285
1
326
283
1
327
283
1
328
283
1
331
280
1
331
284
1
331
287
1
333
285
1
337
280
1
336
284
1
337
285
1
341
280
1
341
284
1
341
285
1
344
283
1
349
277
1
349
279
1
348
283
1
349
283
1
354
278
1
355
276
1
354
281
1
354
282
1
358
278
1
359
276
1
358
280
1
358
281
1
361
279
1
363
278
1
362
281
1
362
285
1
365
284
1
369
279
1
370
278
1
370
281
1
370
283
1
371
283
1
375
278
1
373
282
1
373
284
1
375
283
1
378
279
1
378
278
1
377
284
1
377
286
1
378
285
1
380
280
1
380
281
1
378
289
1
378
292
1
379
289
1
382
283
1
382
284
1
380
290
1
378
289
0
376
279
0
373
273
0
379
272
0
399
275
0
413
286
0
432
309
0
449
337
0
455
354
0
456
369
0
458
390
0
436
407
0
413
420
0
396
434
0
386
443
0
369
452
0
353
460
0
323
470
0
294
474
0
275
475
0
256
473
0
247
472
0
241
468
0
236
465
0
234
465
0
232
465
0
227
466
0
224
468
0
223
470
0
223
475
0
223
477
0
224
480
0
225
481
0
214
481
0
207
481
0
206
482
0
203
482
0
202
482
0
203
482
0
216
478
0
225
470
0
226
468
0
216
468
0
210
468
0
207
467
0
200
464
0
199
464
0
198
464
0
198
465
0
198
466
0
198
467
0
199
467
1
199
466
1
199
465
1
203
465
1
206
465
1
210
464
1
215
464
1
218
463
1
221
462
1
222
462
1
223
462
1
223
463
1
224
465
1
224
467
1
225
468
1
225
469
1
227
469
1
231
469
1
234
468
1
237
468
1
240
468
1
246
467
1
250
467
1
255
466
1
259
465
1
262
465
1
267
465
1
272
465
1
282
464
1
288
463
1
290
463
1
292
463
1
296
463
1
301
462
1
308
462
1
313
462
1
318
462
1
326
461
1
331
460
1
336
460
1
340
459
1
344
458
1
349
458
1
353
458
1
357
458
1
363
457
1
371
457
1
375
457
1
379
456
1
382
456
1
384
455
1
385
455
1
387
455
1
389
454
1
392
454
1
393
454
1
395
453
1
398
452
1
399
452
1
400
452
1
401
451
1
402
450
1
402
449
1
402
447
1
401
444
1
401
443
1
400
442
1
400
440
1
400
439
1
401
438
1
404
437
1
406
436
1
407
436
1
409
436
1
412
436
1
414
435
1
415
435
1
416
435
1
420
435
1
426
434
1
429
434
1
431
434
1
434
433
1
440
432
1
444
431
1
446
431
1
448
430
1
450
430
1
454
430
1
457
430
1
460
430
1
462
429
1
466
429
1
468
429
1
469
429
1
472
429
1
474
428
1
475
428
1
476
428
1
477
432
1
478
435
1
481
439
1
482
440
1
483
441
1
484
442
1
485
443
1
486
444
1
486
445
1
486
446
1
484
447
1
482
447
1
481
447
1
481
448
1
481
449
1
481
450
1
481
451
1
482
453
1
483
455
1
484
456
1
486
459
1
486
460
1
487
461
1
488
463
1
488
464
1
489
464
1
490
465
1
491
466
1
491
467
1
493
469
1
493
470
1
494
471
1
495
473
1
496
475
1
496
476
1
497
478
1
498
481
1
499
481
1
499
482
1
499
483
1
500
484
1
501
485
1
501
486
1
502
486
1
501
486
1
497
487
1
495
488
1
492
488
1
490
489
1
488
489
1
485
489
1
482
489
1
478
489
1
476
489
1
473
489
1
468
489
1
465
489
1
461
489
1
456
489
1
449
489
1
444
490
1
440
491
1
437
491
1
434
492
1
430
492
1
427
493
1
424
494
1
421
495
1
416
496
1
409
498
1
403
499
1
400
499
1
397
500
1
394
501
1
389
501
1
385
502
1
380
502
1
375
504
1
366
505
1
358
506
1
352
507
1
349
507
1
345
507
1
341
508
1
338
508
1
335
508
1
331
508
1
328
508
1
324
507
1
319
507
1
314
507
1
309
508
1
303
508
1
300
509
1
296
510
1
288
511
1
284
511
1
278
512
1
274
513
1
269
514
1
265
514
1
261
515
1
256
516
1
249
517
1
246
517
1
243
517
1
239
518
1
237
518
1
234
519
1
229
521
1
227
522
1
225
522
1
223
522
1
221
523
1
219
523
1
217
524
1
216
525
1
214
525
1
212
526
1
211
526
1
209
526
1
208
527
1
207
527
1
205
527
1
205
525
1
204
520
1
203
517
1
203
514
1
202
511
1
201
509
1
201
507
1
200
505
1
199
503
1
199
501
1
198
500
1
199
500
1
200
500
1
203
499
1
206
498
1
207
498
1
208
498
1
209
498
1
210
498
1
211
498
1
209
498
1
209
496
1
207
494
1
206
491
1
204
488
1
203
485
1
202
484
1
201
482
1
200
480
1
199
479
1
198
477
1
198
476
1
197
475
1
197
474
1
197
473
1
196
472
1
196
471
1
200
469
1
201
469
1
202
469
1
200
470
0
206
468
0
221
466
0
244
464
0
287
463
0
344
460
0
382
456
0
410
451
0
419
451
0
433
450
0
453
446
0
461
444
0
463
444
0
471
442
0
481
440
0
493
438
0
502
437
0
512
435
0
522
434
0
536
431
0
544
430
0
549
427
0
553
425
0
555
423
0
557
421
0
558
421
0
560
420
0
558
421
0
554
420
1
548
420
1
544
420
1
540
420
1
536
420
1
532
421
1
528
421
1
524
422
1
521
423
1
517
424
1
515
424
1
512
425
1
509
425
1
507
425
1
505
425
1
503
425
1
502
426
1
500
426
1
500
428
1
499
433
1
498
437
1
498
438
1
498
439
1
499
441
1
501
444
1
503
447
1
505
450
1
507
452
1
509
455
1
511
456
1
512
457
1
515
461
1
517
462
1
517
463
1
519
465
1
521
468
1
522
470
1
523
472
1
524
475
1
525
478
1
526
479
1
527
480
1
528
483
1
529
485
1
529
486
1
530
487
1
531
488
1
531
489
1
533
489
1
538
488
1
540
488
1
543
487
1
545
487
1
547
487
1
549
486
1
552
486
1
555
485
1
566
485
1
575
484
1
577
484
1
579
483
1
582
483
1
584
483
1
586
482
1
590
482
1
594
481
1
596
481
1
598
481
1
600
480
1
601
479
1
602
474
1
603
472
1
597
472
0
586
469
0
564
465
0
519
460
0
484
457
0
436
457
0
389
468
0
347
479
0
327
484
0
309
486
0
292
490
0
272
492
0
258
495
0
249
497
0
239
499
0
233
501
0
229
505
0
226
507
0
222
509
0
219
511
0
215
513
0
211
515
0
209
516
0
206
516
0
205
516
0
204
516
0
207
515
0
216
513
0
223
511
0
233
509
0
231
509
0
229
511
0
228
512
0
226
513
0
226
514
0
225
515
0
222
517
0
221
518
0
220
518
0
219
519
0
217
519
0
216
519
0
216
520
0
215
521
0
215
522
0
216
523
0
217
524
0
217
525
0
216
526
0
215
529
0
214
530
0
214
531
0
213
532
0
212
533
0
210
534
0
210
535
0
208
538
0
208
539
0
207
540
0
207
541
0
208
540
0
208
541
0
208
542
0
207
543
0
208
544
0
209
543
0
208
542
0
207
541
0
207
539
0
207
538
0
207
537
0
207
536
0
208
535
0
209
534
0
210
534
0
211
534
0
212
534
0
214
534
0
211
534
0
209
534
0
208
535
0
206
536
0
205
537
0
204
540
0
203
541
0
202
545
0
200
548
0
196
554
0
194
558
0
193
560
0
193
563
0
192
564
0
191
564
0
190
562
0
190
559
0
190
558
0
190
555
0
190
554
0
192
551
0
193
549
0
195
546
0
195
545
0
196
544
0
197
543
0
197
542
0
198
541
0
199
540
0
200
540
0
201
541
0
201
542
0
200
542
0
199
542
0
198
541
0
197
538
0
199
532
0
201
525
0
203
517
0
204
510
0
204
496
0
201
469
0
188
448
0
179
440
0
175
439
0
169
443
0
163
452
0
159
454
0
156
457
0
155
458
0
154
458
0
151
460
0
150
461
0
149
461
0
146
461
0
142
461
0
138
460
0
136
460
0
135
459
0
133
459
0
132
458
0
132
459
0
132
460
0
132
463
0
133
464
0
134
465
0
135
465
0
136
465
0
137
465
0
138
466
0
140
466
0
141
466
0
142
466
0
143
466
0
144
466
0
146
465
0
146
463
0
145
462
0
144
461
0
144
460
0
144
459
0
145
458
0
146
457
0
147
456
0
147
454
0
147
453
0
147
452
0
147
451
1
147
450
1
146
450
1
145
451
1
144
452
1
144
453
1
143
453
1
143
454
1
142
455
1
142
456
1
141
456
1
141
457
1
140
458
1
140
459
1
140
460
1
139
461
1
138
463
1
137
465
1
137
466
1
136
467
1
136
468
1
136
469
1
136
470
1
136
471
1
136
472
1
136
473
1
136
474
1
136
476
1
136
477
1
136
479
1
136
480
1
136
481
1
135
482
1
135
484
1
135
486
1
135
488
1
135
489
1
135
490
1
135
491
1
134
492
1
134
494
1
134
495
1
134
496
1
134
498
1
134
500
1
134
502
1
134
505
1
134
506
1
134
507
1
135
508
1
135
509
1
135
510
1
136
510
1
136
511
1
134
512
0
132
510
0
132
509
0
132
508
0
131
506
0
132
505
0
132
504
0
132
503
0
132
502
0
132
501
0
132
499
0
132
498
0
132
497
0
132
496
0
133
495
0
133
494
0
134
493
0
135
490
0
135
488
0
136
487
0
137
484
0
138
481
0
138
480
0
139
478
0
142
468
0
143
458
0
143
449
0
143
434
0
144
420
0
147
400
0
148
370
0
145
342
0
140
320
0
137
304
0
133
279
0
129
257
0
128
248
0
126
243
0
121
236
0
118
227
0
115
219
0
112
211
0
111
199
0
110
192
0
107
184
0
104
175
0
101
167
0
98
162
0
94
162
0
91
162
0
88
162
0
86
163
0
85
160
0
85
158
0
85
155
0
85
153
0
84
152
0
82
152
0
81
152
0
80
154
0
79
157
0
78
159
0
77
161
0
74
165
0
74
168
0
73
170
0
71
174
0
70
177
0
68
179
0
67
183
0
67
186
0
66
188
0
65
191
0
65
194
0
64
197
0
64
198
0
64
201
0
63
203
0
63
206
0
63
207
0
63
208
0
63
210
0
63
212
0
63
213
0
63
214
0
63
215
0
63
214
0
64
212
0
64
210
0
66
203
0
66
200
0
67
195
0
68
194
0
68
193
0
69
190
0
70
189
0
71
186
0
72
184
0
75
180
0
77
177
0
79
174
0
81
170
0
83
166
0
86
161
0
89
158
0
89
157
0
89
156
0
89
155
0
91
152
0
92
151
0
92
150
0
93
149
0
94
148
0
92
147
1
91
147
1
89
147
1
88
147
1
87
147
1
86
148
1
85
148
1
84
149
1
83
151
1
83
152
1
82
153
1
82
154
1
81
154
1
81
155
1
80
157
1
80
159
1
79
160
1
79
163
1
79
165
1
79
166
1
79
167
1
79
169
1
79
170
1
79
171
1
79
172
1
78
174
1
78
175
1
78
176
1
78
177
1
78
178
1
78
179
1
78
180
1
78
181
1
77
182
1
77
183
1
77
184
1
77
185
1
77
186
1
77
187
1
76
188
1
76
189
1
76
190
1
76
191
1
76
192
1
76
193
1
76
194
1
76
196
1
76
198
1
76
200
1
76
202
1
76
204
1
76
206
1
76
207
1
76
210
1
76
213
1
76
215
1
77
218
1
77
220
1
78
223
1
78
224
1
78
226
1
78
227
1
78
229
1
78
231
1
78
233
1
78
235
1
78
236
1
78
237
1
78
240
1
78
242
1
77
245
1
77
248
1
77
251
1
76
255
1
75
257
1
75
260
1
74
262
1
74
264
1
74
266
1
74
268
1
73
269
1
73
271
1
73
274
1
73
277
1
73
278
1
74
281
1
74
284
1
74
285
1
74
286
1
75
288
1
75
289
1
75
291
1
75
293
1
75
294
1
75
296
1
75
298
1
75
300
1
75
302
1
75
305
1
75
307
1
75
309
1
75
310
1
75
313
1
75
315
1
75
317
1
75
319
1
75
321
1
75
323
1
76
326
1
76
328
1
76
329
1
76
332
1
76
335
1
76
337
1
76
339
1
76
341
1
76
342
1
76
344
1
76
346
1
76
349
1
76
352
1
76
354
1
76
355
1
76
358
1
76
360
1
76
361
1
77
363
1
77
365
1
77
367
1
77
370
1
77
372
1
77
374
1
77
375
1
77
377
1
77
379
1
77
381
1
77
382
1
78
384
1
78
386
1
78
387
1
78
388
1
78
389
1
78
391
1
78
392
1
78
393
1
79
394
1
79
395
1
81
398
1
82
400
1
83
401
1
85
403
1
87
404
1
88
405
1
89
406
1
90
407
1
91
408
1
92
409
1
93
410
1
93
411
1
93
412
1
94
412
1
94
413
1
95
414
1
96
416
1
97
417
1
99
419
1
100
420
1
101
421
1
102
422
1
103
423
1
103
424
1
104
425
1
105
426
1
106
428
1
107
430
1
108
431
1
109
433
1
111
436
1
112
438
1
114
440
1
114
441
1
115
443
1
117
445
1
118
446
1
118
447
1
120
449
1
121
451
1
122
453
1
123
454
1
124
455
1
125
456
1
127
458
1
128
459
1
128
461
1
130
463
1
131
464
1
132
465
1
133
466
1
134
468
1
135
469
1
136
470
1
137
471
1
138
472
1
139
473
1
139
474
1
140
474
1
136
462
0
136
455
0
136
454
0
137
453
0
138
450
0
140
448
0
138
448
0
137
448
0
137
446
0
136
443
0
136
442
0
136
443
0
135
446
0
134
447
0
133
448
0
133
449
0
134
449
0
135
449
0
136
446
0
137
441
0
138
428
0
140
418
0
142
414
0
143
408
0
143
404
0
143
398
0
143
395
0
144
392
0
146
388
0
149
384
0
149
383
0
149
382
0
148
381
0
146
380
0
145
380
0
144
380
0
143
380
0
142
380
0
141
380
0
140
379
0
139
378
0
138
377
0
137
377
0
136
377
0
135
378
0
134
379
0
133
379
0
131
380
0
130
381
0
129
381
0
129
383
0
128
384
0
127
385
0
127
386
0
127
387
0
126
388
0
126
390
0
124
392
0
124
394
0
124
395
0
124
396
0
123
397
0
122
401
0
122
405
0
122
410
0
121
415
0
121
416
0
120
417
0
120
418
0
120
419
0
120
421
0
121
422
0
122
421
0
122
419
0
124
417
0
126
416
0
127
416
0
128
416
0
129
416
0
130
415
0
131
415
0
132
415
0
134
415
0
134
414
0
134
413
0
136
412
0
137
411
0
140
409
0
143
406
0
154
399
0
164
391
0
178
388
0
196
386
0
209
387
0
215
390
0
217
392
0
225
396
0
234
397
0
246
397
0
256
397
0
264
397
0
274
398
0
283
400
0
290
400
0
293
400
0
297
395
0
300
390
0
301
383
0
302
382
0
302
380
0
302
377
0
301
375
0
301
373
0
300
372
0
300
371
0
300
370
0
300
369
0
301
368
0
302
367
0
303
366
0
304
365
0
307
361
0
309
354
0
315
347
0
326
344
0
341
339
0
367
335
0
389
335
0
408
335
0
424
337
0
439
340
0
455
345
0
472
354
0
486
362
0
508
372
0
524
381
0
535
388
0
550
394
0
565
398
0
570
398
0
568
397
0
561
393
0
551
390
0
541
387
0
533
384
0
530
379
0
530
378
0
532
377
0
535
377
0
540
377
0
542
376
0
543
375
0
541
375
0
539
375
0
538
375
1
538
374
1
538
373
1
538
375
1
537
375
1
539
373
1
539
372
1
539
373
1
538
377
1
537
377
1
537
376
1
538
375
1
537
376
1
536
378
1
535
377
0
532
382
0
530
384
0
530
387
0
529
391
0
529
394
0
529
396
0
529
397
0
528
398
0
528
399
0
528
400
0
528
402
0
529
401
0
530
401
0
531
401
1
531
402
1
530
405
1
530
404
1
531
401
0
527
402
0
528
401
0
528
399
0
529
398
0
529
396
0
531
394
0
533
391
0
534
386
0
538
381
0
545
373
0
546
372
0
547
369
0
547
367
0
545
367
0
543
369
0
542
371
0
541
372
0
541
370
0
540
368
0
536
364
0
530
357
0
526
351
0
524
348
0
524
344
0
523
339
0
521
336
0
520
335
0
520
334
0
520
332
0
520
328
0
519
322
0
517
315
0
517
310
0
516
306
0
516
301
0
516
299
0
514
298
0
513
298
0
512
299
0
510
302
0
510
303
0
509
304
0
509
307
1
508
312
1
508
313
1
507
315
1
507
316
1
508
313
1
510
309
1
511
307
1
512
305
1
511
309
1
510
316
1
510
317
1
510
318
1
511
313
1
512
308
1
513
306
1
513
307
1
513
313
1
512
317
1
514
314
1
516
307
1
516
306
1
516
307
1
516
314
1
515
315
1
515
314
1
517
306
1
518
302
1
518
309
1
517
314
1
517
315
1
517
313
1
520
305
1
521
301
1
521
303
1
519
313
1
519
319
1
520
317
1
522
308
1
524
303
1
522
310
1
522
319
1
522
316
1
525
306
1
526
303
1
526
304
1
524
314
1
524
317
1
524
318
1
525
313
1
527
305
1
527
304
1
527
306
1
526
314
1
526
319
1
526
317
1
528
310
1
529
304
1
529
312
1
529
318
1
530
314
1
531
310
1
533
303
1
533
304
1
532
313
1
532
316
1
532
314
1
534
304
1
534
300
1
534
303
1
533
311
1
533
314
1
533
315
1
533
309
1
533
301
1
532
301
1
531
307
1
530
314
1
530
309
1
531
300
1
531
299
1
530
300
1
529
309
1
528
315
1
527
317
1
527
313
1
527
303
1
527
301
1
527
300
1
526
306
1
525
314
1
525
307
1
526
301
1
526
299
1
524
304
1
522
315
1
522
319
1
522
316
1
522
306
1
522
303
1
520
305
1
519
314
1
519
318
1
519
317
1
519
308
1
519
304
1
517
313
1
516
319
1
517
312
1
517
307
1
517
306
1
515
313
1
514
319
1
514
311
1
514
305
1
512
310
1
512
314
1
511
317
1
511
316
1
511
308
1
510
305
1
509
306
1
509
313
1
508
316
1
508
309
1
508
307
1
508
306
1
507
308
1
507
313
1
507
314
1
507
312
1
508
305
1
508
304
1
508
310
1
509
313
1
508
313
0
504
311
0
503
311
0
502
310
0
503
310
0
505
310
0
504
311
0
505
312
0
505
313
0
505
314
0
505
315
0
505
317
0
506
319
0
506
320
0
508
321
0
509
321
0
510
320
0
515
317
0
517
314
0
516
315
0
515
315
0
514
313
0
517
312
0
518
311
0
519
310
0
518
309
0
517
308
0
516
307
0
514
305
0
512
305
0
511
305
0
510
305
1
509
304
1
508
303
1
507
303
1
507
304
1
514
304
1
521
304
1
528
304
1
530
304
1
531
303
1
529
303
1
526
303
1
519
303
1
517
304
1
514
305
1
512
305
1
519
304
1
529
304
1
533
303
1
535
302
1
528
303
1
521
305
1
515
305
1
511
306
1
508
306
1
514
306
1
522
307
1
529
307
1
531
307
1
530
307
1
523
307
1
515
308
1
512
308
1
511
308
1
511
309
1
517
309
1
521
309
1
529
308
1
531
308
1
527
309
1
520
309
1
514
310
1
511
310
1
509
311
1
511
311
1
518
311
1
526
312
1
529
312
1
525
312
1
518
312
1
513
312
1
510
312
1
512
312
1
521
313
1
526
314
1
529
314
1
523
314
1
518
314
1
513
314
1
511
314
1
512
314
1
521
314
1
527
314
1
530
314
1
531
314
1
530
314
1
527
314
1
520
314
1
517
314
1
516
314
1
515
314
1
523
314
1
530
315
1
531
315
1
527
316
1
521
318
1
518
318
1
524
319
1
529
319
1
530
319
1
531
319
1
527
319
1
522
319
1
522
318
0
521
317
0
520
316
0
520
315
0
520
314
0
520
313
0
520
311
0
520
310
0
520
309
0
521
308
0
522
308
0
524
307
0
525
307
0
524
306
0
522
306
0
520
307
0
517
308
0
514
309
0
510
311
0
509
312
0
509
313
0
508
314
0
508
315
0
510
316
0
511
315
1
514
314
1
521
313
1
525
313
1
527
314
1
528
315
1
529
315
1
527
316
1
520
316
1
513
316
1
511
316
1
512
316
1
514
316
1
521
318
1
523
318
1
525
319
1
524
319
1
521
319
1
515
319
1
512
319
1
511
319
1
514
319
1
520
320
1
523
320
1
525
320
1
522
320
1
518
320
1
515
320
1
513
320
1
512
320
1
513
320
1
515
320
1
517
320
1
518
320
1
521
320
1
522
320
1
526
321
1
529
321
1
530
321
1
528
321
1
523
321
1
521
321
1
515
321
1
512
320
1
511
320
1
511
319
1
519
318
1
527
317
1
529
317
1
530
317
1
529
317
1
520
317
1
512
317
1
507
317
1
506
316
1
513
316
1
524
316
1
527
316
1
528
315
1
529
314
1
527
314
1
522
314
1
517
314
1
512
313
1
511
313
1
514
312
1
524
311
1
530
310
1
531
310
1
526
309
1
523
309
1
517
310
0
516
313
0
516
314
0
515
314
0
512
314
0
510
313
0
509
312
0
614
140
0
619
138
0
624
135
0
629
132
0
628
129
0
598
125
0
547
122
0
526
122
0
475
121
0
451
120
0
418
116
0
397
110
0
395
101
0
388
90
0
382
83
0
379
73
0
380
66
0
382
56
0
380
48
0
371
41
0
367
36
0
359
28
0
349
23
0
333
19
0
323
16
0
310
13
0
305
12
0
301
13
0
299
17
0
298
33
0
296
49
0
269
75
0
239
103
0
214
121
0
195
125
0
178
128
0
168
129
0
162
130
0
160
133
0
159
135
0
157
139
0
157
147
0
158
154
0
160
158
0
160
161
0
160
162
0
159
162
0
158
163
0
157
162
0
156
161
0
155
160
0
156
160
0
157
158
1
156
158
1
159
158
1
167
158
1
169
158
1
171
158
1
168
158
0
166
158
0
162
159
0
157
160
0
154
162
0
152
164
0
152
165
1
155
165
1
160
163
1
170
163
1
172
163
1
170
163
0
165
165
0
160
167
0
156
168
0
156
169
1
158
169
1
168
168
1
175
168
1
177
168
1
176
169
1
175
169
0
175
167
0
188
163
0
213
161
0
267
158
0
345
157
0
425
157
0
484
164
0
523
172
0
546
179
0
548
180
0
548
179
0
547
178
0
538
174
0
531
173
0
519
167
0
511
163
0
497
155
0
485
153
0
478
152
0
465
148
0
456
143
0
449
142
0
444
142
0
441
142
0
439
141
0
437
141
0
434
140
0
433
140
0
431
140
0
430
140
0
429
139
0
428
139
0
427
139
0
425
139
0
424
139
0
423
139
1
426
138
1
428
138
1
432
139
1
437
139
1
443
139
1
447
139
1
449
139
1
455
139
1
460
139
1
463
139
1
469
139
1
477
139
1
484
138
1
490
138
1
497
137
1
504
137
1
510
136
1
514
135
1
517
135
1
521
134
1
524
133
1
527
133
1
529
132
1
530
132
1
531
132
1
527
132
0
515
132
0
493
137
0
470
143
0
453
145
0
449
146
0
442
147
0
441
147
0
437
148
0
435
148
0
434
147
0
432
144
0
432
143
0
431
143
0
429
142
0
428
143
0
427
144
1
428
145
1
431
145
1
435
145
1
442
146
1
448
147
1
456
147
1
460
147
1
466
148
1
473
148
1
480
147
1
484
147
1
491
147
1
496
147
1
498
147
1
504
145
1
506
145
1
510
145
1
514
144
1
516
143
1
521
142
1
524
142
1
527
141
1
529
140
1
531
139
1
532
139
1
533
139
1
517
139
0
496
139
0
476
143
0
464
145
0
462
145
0
454
145
0
448
144
0
445
144
0
442
144
0
439
144
0
436
144
0
435
144
0
434
144
0
433
144
0
432
144
0
431
144
0
429
144
0
428
144
1
428
143
1
427
143
1
426
143
1
424
143
1
425
143
1
430
143
1
434
143
1
439
144
1
441
144
1
446
144
1
448
144
1
453
144
1
455
144
1
459
144
1
461
144
1
465
144
1
468
145
1
473
145
1
477
144
1
483
143
1
490
141
1
495
141
1
498
140
1
502
140
1
505
139
1
507
138
1
509
138
1
511
137
1
514
137
1
516
137
1
518
137
1
520
136
1
521
136
1
522
136
1
524
136
1
526
136
1
531
136
1
534
136
1
532
136
0
529
136
0
523
136
0
521
134
0
515
133
0
508
133
0
503
134
0
497
135
0
492
136
0
492
135
0
